46.6642 -9027.77
46.8633 -7704.55
47.0624 -7457.11
47.2615 -5651.1
47.4606 -4671.69
47.6597 -3459.12
47.8588 -2216.12
48.0579 -1519.86
48.257 -1101.12
48.4561 -506.11
48.6552 -283.322
48.8543 -129.825
49.0534 -116.841
49.2525 -56.7106
49.4516 -25.1682
49.6507 -40.3823
49.8498 -17.2628
69.9587 0.967873
70.1578 -19.9306
70.3569 -6.00646
70.556 -6.00871
70.7551 -6.01092
70.9542 -23.3559
71.1533 -2.54988
71.3524 -19.8661
71.5515 0.899362
71.7506 -6.02078
71.9497 -9.47684
72.1488 0.886986
72.3479 -12.934
72.547 -2.55479
72.7461 -9.48337
72.9452 -2.50342
73.1443 -9.49534
73.3434 -23.7404
73.5425 -13.109
73.7416 -5.8254
73.9407 -28.0984
74.1398 -13.2227
74.3389 -9.40291
74.538 -20.9838
74.7371 -5.46126
74.9362 -1.56577
75.1353 -17.1196
75.3344 -17.0892
75.5335 -1.78572
75.7326 -24.5696
75.9317 -1.943
76.1308 -5.72329
76.3299 -1.99665
76.529 -16.9384
76.7281 -5.72216
76.9272 -9.46278
77.1263 -2.00036
77.3253 -16.9023
77.5244 -16.8504
77.7235 -16.7769
77.9226 -9.50101
78.1217 -9.49842
78.3208 -12.9805
78.5199 -12.9218
78.719 -16.2793
78.9181 -6.06036
79.1172 0.650245
79.3163 -9.41816
79.5154 -12.7425
79.7145 -9.4043
79.9136 -2.76418
80.1127 -16.0216
80.3118 -9.3927
80.5109 -32.522
80.71 10.4186
80.9091 -2.78935
81.1082 -12.6746
81.3073 -15.9581
81.5064 -6.08861
81.7055 7.04217
81.9046 -6.08978
82.1037 0.460933
82.3028 0.453191
82.5019 0.445471
82.701 0.437778
82.9001 -2.83101
83.0992 3.68004
83.2983 -2.8389
83.4974 -6.09313
83.6965 -12.5877
83.8956 -6.09357
84.0947 0.390231
84.2938 0.387873
84.4929 6.87188
84.692 -9.338
84.8911 -15.8451
85.0902 -2.83168
85.2893 -2.81668
85.4884 3.7812
85.6875 -9.39075
85.8866 -19.3597
86.0857 -9.40631
86.2848 -9.40435
86.4839 -2.77517
86.683 7.03303
86.8821 -12.5754
87.0812 -9.28692
87.2803 -15.5198
87.4794 3.22173
87.6785 0.0649983
87.8776 -6.05756
88.0766 -3.01656
88.2757 -6.057
88.4748 -6.06223
88.6739 -9.14106
88.873 0.10432
89.0721 -2.975
89.2712 -21.6462
89.4703 -9.20189
89.6694 -9.20588
89.8685 -9.20669
90.0676 -9.20526
90.2667 -2.96237
90.4658 -9.1985
90.6649 -2.96732
90.864 -6.07974
91.0631 -15.3962
91.2622 3.22816
91.4613 -6.07648
91.6604 -9.16934
91.8595 -9.16416
92.0586 3.1855
92.2577 0.0927316
237.002 -5.73128
237.201 -8.34944
237.4 2.17576
237.599 2.14782
237.798 -3.05762
237.998 7.2372
238.197 -0.489465
238.396 -5.57621
238.595 -0.508178
238.794 -3.02211
238.993 -0.524094
239.192 -3.00668
239.391 -3.00042
239.59 1.9198
239.789 -0.538553
239.989 -7.93212
240.188 -3.01121
240.387 4.51956
240.586 -5.60489
240.785 -10.9015
240.984 -0.408702
241.183 -0.357084
241.382 -5.87548
241.581 -0.26145
241.78 -5.93267
241.98 -3.08468
242.179 -0.265591
242.378 -0.317361
242.577 2.31929
242.776 -3.06622
242.975 -10.5809
243.174 -2.97071
243.373 1.7375
243.572 1.63652
243.771 -0.589879
243.97 -2.66269
244.17 -4.62105
244.369 -2.53725
244.568 -0.544738
244.767 5.19495
244.966 1.35993
245.165 1.34525
245.364 3.15903
245.563 1.31992
245.762 -0.46761
245.961 1.29808
246.161 -7.33774
246.36 -0.420225
246.559 2.94359
246.758 2.90922
246.957 2.87521
272.442 1.46875
272.641 2.12843
272.84 1.43612
273.039 0.690642
273.238 2.16304
273.437 2.17531
273.636 2.18798
273.835 2.2011
274.034 0.493745
274.233 3.11631
274.432 0.415773
274.632 3.20694
274.831 2.28305
275.03 -0.739551
275.229 1.27751
275.428 2.37803
275.627 2.42824
275.826 2.49147
276.025 1.22846
276.224 2.65968
276.423 1.23705
276.623 -1.96936
276.822 2.96507
277.021 3.04995
277.22 -2.27203
277.419 1.32646
277.618 -0.488747
277.817 1.31687
278.016 1.30143
278.215 -3.85489
278.414 1.26727
278.614 1.25403
278.813 1.24467
279.012 -0.296285
279.211 1.23541
279.41 2.73218
279.609 2.72779
279.808 1.23374
280.007 1.23478
280.206 2.75516
280.405 1.2385
280.605 2.79041
280.804 -0.321937
281.003 1.2474
281.202 1.25108
281.401 -3.59603
281.6 1.25939
281.799 -0.386812
281.998 2.93636
282.197 -2.09407
290.36 2.35545
290.559 2.34852
290.759 1.27625
290.958 0.223487
291.157 2.3282
291.356 -0.788204
291.555 2.31581
291.754 2.31068
291.953 0.27755
292.152 1.29272
292.351 2.31054
292.55 1.28465
292.75 2.34803
292.949 2.39338
293.148 2.46871
293.347 1.22778
293.546 -0.287358
293.745 3.00625
293.944 -2.47553
294.143 1.56111
294.342 1.78499
294.541 -5.57407
294.741 2.27791
294.94 -11.4213
295.139 -8.73324
295.338 2.54006
295.537 2.41354
295.736 -5.70997
295.935 -5.48393
296.134 1.69149
296.333 1.47625
296.532 1.32575
296.731 -0.331233
296.931 -0.130235
297.13 2.41784
297.329 2.30528
297.528 3.12566
297.727 -0.23241
297.926 2.90369
298.125 2.13968
298.324 2.12755
298.523 1.46654
298.722 0.841918
298.922 2.10705
299.121 1.49513
299.32 2.0977
299.519 2.09338
299.718 1.52021
299.917 1.52872
300.116 2.62481
347.103 0.865392
347.302 2.11399
347.502 1.46341
347.701 2.12822
347.9 2.13573
348.099 2.85672
348.298 1.41938
348.497 0.6522
348.696 2.17458
348.895 2.19103
349.094 3.07506
349.293 1.32643
349.492 0.278987
349.692 2.39382
349.891 1.23129
350.09 4.22864
350.289 -2.17139
350.488 -0.559537
350.687 3.91017
350.886 -5.52667
351.085 2.38484
351.284 -14.7993
351.483 0.0999256
351.683 -2.9051
351.882 -15.7995
352.081 0.358278
352.28 3.39711
352.479 -6.0586
352.678 -14.6235
352.877 -3.08353
353.076 -0.534374
353.275 1.64439
353.474 5.45788
353.674 -2.28227
353.873 -1.99489
354.072 -1.74645
354.271 2.61924
354.47 2.55716
354.669 2.52312
354.868 -0.0402324
355.067 -0.0351976
355.266 3.77928
355.465 3.79459
355.665 2.52331
355.864 -1.37593
356.063 -0.0860046
356.262 -0.0995485
356.461 3.91124
356.66 2.58212
356.859 -1.50627
578.256 2.18752
578.455 1.25418
578.654 1.25422
578.854 1.25431
579.053 2.18732
579.252 1.2549
579.451 1.25568
579.65 3.11431
579.849 4.03274
580.048 3.09825
580.247 1.27244
580.446 2.16971
580.645 1.30467
580.845 1.33358
581.044 2.87474
581.243 2.101
581.442 1.50142
581.641 1.5895
581.84 2.36031
582.039 2.01003
582.238 2.00146
582.437 2.03853
582.636 1.87045
582.835 2.01086
583.035 2.01574
583.234 2.0169
583.433 2.24416
583.632 1.83289
583.831 2.09392
584.03 2.00005
584.229 2.13996
584.428 2.01677
584.627 2.03629
584.826 2.06079
585.026 2.70806
585.225 1.40241
585.424 2.13414
585.623 1.31906
585.822 1.2948
586.021 1.27869
586.22 2.17917
586.419 1.26216
586.618 2.18497
586.817 1.25641
587.017 1.25528
587.216 2.1872
587.415 2.18738
587.614 2.18746
587.813 1.2542
588.012 1.25417
604.338 1.02338
604.537 2.3633
604.736 3.70201
604.935 1.0247
605.134 3.69476
605.334 1.02987
605.533 1.03671
605.732 1.04966
605.931 1.07322
606.13 1.11443
606.329 1.18368
606.528 3.03267
606.727 3.32205
606.926 2.02077
607.125 2.09112
607.325 2.58911
607.524 3.23718
607.723 1.22763
607.922 -4.15383
608.121 1.62322
608.32 -3.04412
608.519 2.59118
608.718 -3.00082
608.917 -12.5509
609.116 -12.7349
609.316 4.01802
609.515 -2.74789
609.714 -19.0294
609.913 -9.1412
610.112 -3.08434
610.311 -0.482204
610.51 -5.05319
610.709 -0.50528
610.908 4.08433
611.107 3.27383
611.307 1.00104
611.506 2.11455
611.705 1.74301
611.904 2.08183
612.103 1.30414
612.302 1.18947
612.501 1.11812
612.7 2.31624
612.899 1.05099
613.098 2.3502
613.298 1.03028
613.497 2.36038
613.696 1.02481
613.895 3.70186
614.094 1.02356
614.293 2.36344
656.701 2.72972
656.9 2.72941
657.099 2.72872
657.298 2.72725
657.497 2.7242
657.696 2.71816
657.895 2.70668
658.095 0.765727
658.294 0.788384
658.493 2.59294
658.692 0.891053
658.891 3.79633
659.09 1.14576
659.289 1.36991
659.488 2.02804
659.687 2.10371
659.886 1.52835
660.086 1.29676
660.285 2.64744
660.484 3.11485
660.683 1.53781
660.882 -2.95937
661.081 -0.451802
661.28 5.21063
661.479 -11.6527
661.678 -3.07823
661.877 -8.77016
662.077 -3.08922
662.276 4.66512
662.475 -7.60748
662.674 1.48005
662.873 -0.431155
663.072 -0.096772
663.271 1.33862
663.47 2.48655
663.669 2.00038
663.868 2.57116
664.068 3.15837
664.267 1.00875
664.466 0.845927
664.665 2.7409
664.864 2.88483
665.063 0.606821
665.262 0.577374
665.461 0.563192
665.66 0.560843
665.859 0.567634
666.059 0.581195
666.258 0.599307
666.457 5.30538
666.656 2.91663
666.855 0.661309
667.054 0.679535
667.253 0.69508
667.452 0.707702
667.651 0.717487
667.85 0.724744
668.049 0.729903
668.249 0.733421
668.448 0.735724
668.647 0.737174
668.846 0.738051
669.045 0.738562
669.244 0.738848
669.443 0.739003
669.642 0.739083
669.841 0.739123
670.04 2.72997
670.24 0.739152
670.439 0.739156
1115.42 0.735185
1115.62 0.735882
1115.82 0.737194
1116.02 0.739588
1116.22 4.70022
1116.42 2.70986
1116.62 2.69005
1116.82 2.6592
1117.02 0.812869
1117.21 0.858617
1117.41 0.925474
1117.61 2.3667
1117.81 1.14914
1118.01 2.98288
1118.21 2.06373
1118.41 2.01039
1118.61 2.11745
1118.81 1.62352
1119.01 2.14443
1119.21 0.331137
1119.4 2.44411
1119.6 -0.156493
1119.8 -1.81104
1120 1.25535
1120.2 4.5971
1120.4 -3.72098
1120.6 1.25409
1120.8 1.23595
1121 3.972
1121.2 0.0616373
1121.4 3.22928
1121.6 2.83221
1121.79 2.44844
1121.99 1.90913
1122.19 2.46896
1122.39 1.52154
1122.59 1.30786
1122.79 2.26395
1122.99 1.01371
1123.19 0.921148
1123.39 0.855745
1123.59 2.61622
1123.79 2.66096
1123.98 0.762481
1124.18 0.750704
1124.38 2.72237
1124.58 0.739481
1124.78 0.737141
1124.98 0.735857
1125.18 0.735174
1150.27 0.655679
1150.46 0.655671
1150.66 0.655655
1150.86 2.88625
1151.06 0.655577
1151.26 0.655491
1151.46 0.655347
1151.66 2.8873
1151.86 2.88805
1152.06 0.654198
1152.26 2.89086
1152.46 0.652229
1152.65 0.650638
1152.85 0.648522
1153.05 0.645804
1153.25 0.642436
1153.45 0.638419
1153.65 2.93211
1153.85 0.628755
1154.05 0.623455
1154.25 0.618191
1154.45 2.97742
1154.65 0.609084
1154.84 5.38268
1155.04 0.603975
1155.24 0.603482
1155.44 0.604457
1155.64 0.606818
1155.84 0.610372
1156.04 0.61484
1156.24 2.9626
1156.44 2.95086
1156.64 0.630444
1156.84 0.635368
1157.03 0.639788
1157.23 0.643593
1157.43 0.646744
1157.63 0.649258
1157.83 0.651194
1158.03 2.8924
1158.23 0.653671
1158.43 2.88878
1158.63 2.88778
1158.83 0.655197
1159.03 0.655398
1159.22 0.655521
1159.42 2.88631
1159.62 2.88623
1159.82 2.88618
1160.02 0.655673
1168.38 0.546728
1168.58 0.547135
1168.78 0.547887
1168.98 3.13399
1169.18 0.551578
1169.38 0.555532
1169.58 0.561998
1169.78 5.57755
1169.98 0.588008
1170.17 0.611465
1170.37 2.90771
1170.57 0.692465
1170.77 2.7015
1170.97 2.57617
1171.17 0.943653
1171.37 2.32059
1171.57 2.20956
1171.77 2.12017
1171.97 1.56216
1172.17 1.74345
1172.37 1.91791
1172.56 2.07415
1172.76 2.00947
1172.96 1.74949
1173.16 2.02453
1173.36 2.02336
1173.56 1.76796
1173.76 1.84998
1173.96 2.02482
1174.16 2.14874
1174.36 2.02804
1174.56 1.50251
1174.75 1.32803
1174.95 3.32015
1175.15 1.02658
1175.35 2.48825
1175.55 0.810032
1175.75 2.73934
1175.95 2.84591
1176.15 0.633257
1176.35 0.603099
1176.55 0.582375
1176.75 0.56858
1176.94 0.55968
1177.14 0.554114
1177.34 3.13002
1177.54 0.548752
1177.74 0.547618
1177.94 0.546989
1178.14 0.546652
1276.1 3.66467
1276.29 0.388692
1276.49 0.388581
1276.69 0.388387
1276.89 0.388054
1277.09 0.387505
1277.29 3.67354
1277.49 0.38524
1277.69 0.383151
1277.89 0.380081
1278.09 0.375709
1278.29 0.369675
1278.48 0.361611
1278.68 3.83038
1278.88 0.338146
1279.08 0.322413
1279.28 0.304117
1279.48 0.283661
1279.68 4.32881
1279.88 0.239353
1280.08 0.2177
1280.28 0.198128
1280.48 0.181978
1280.67 0.170433
1280.87 0.164382
1281.07 0.164302
1281.27 0.170198
1281.47 0.181602
1281.67 4.8266
1281.87 0.217117
1282.07 0.238713
1282.27 0.261081
1282.47 0.283004
1282.67 0.303494
1282.86 0.321843
1283.06 0.337643
1283.26 3.83239
1283.46 0.361257
1283.66 0.369392
1283.86 3.72083
1284.06 0.379916
1284.26 0.38303
1284.46 0.385155
1284.66 3.67378
1284.86 0.387466
1285.05 0.388029
1285.25 0.388371
1285.45 0.388572
1285.65 0.388686
1285.85 0.38875
1327.66 0.446005
1327.86 0.446842
1328.06 0.448325
1328.26 3.43028
1328.46 0.455156
1328.66 0.462112
1328.86 3.35629
1329.06 0.48996
1329.25 0.515069
1329.45 0.551357
1329.65 3.00277
1329.85 2.85458
1330.05 0.762339
1330.25 0.878276
1330.45 1.0211
1330.65 3.2645
1330.85 2.1196
1331.05 1.60016
1331.25 2.18949
1331.44 2.05398
1331.64 2.01673
1331.84 2.46086
1332.04 2.07843
1332.24 2.10422
1332.44 1.4703
1332.64 2.74839
1332.84 1.51224
1333.04 2.5459
1333.24 2.37343
1333.44 2.00676
1333.63 2.16504
1333.83 2.02201
1334.03 2.07666
1334.23 3.04301
1334.43 2.28971
1334.63 0.950372
1334.83 2.60239
1335.03 0.716834
1335.23 0.636639
1335.43 3.06413
1335.63 0.533016
1335.82 0.502345
1336.02 0.481398
1336.22 0.46751
1336.42 3.40416
1336.62 0.452975
1336.82 0.449576
1337.02 0.447568
1337.22 0.446415
1337.42 0.445771
1455.88 0.00755707
1456.08 0.0106238
1456.28 0.0159863
1456.48 0.0251122
1456.68 0.0402241
1456.88 0.0645696
1457.08 0.102719
1457.27 0.160849
1457.47 0.246956
1457.67 0.370908
1457.87 0.544232
1458.07 0.779538
1458.27 2.30435
1458.47 2.08033
1458.67 2.00016
1458.87 2.56131
1459.07 -0.617859
1459.27 2.6107
1459.46 -2.20537
1459.66 -4.72016
1459.86 -2.9144
1460.06 2.06567
1460.26 -3.08782
1460.46 -11.6012
1460.66 -0.168289
1460.86 -0.148361
1461.06 -0.192713
1461.26 -0.290225
1461.46 -3.07869
1461.65 -0.529958
1461.85 -0.590239
1462.05 -4.45674
1462.25 4.4882
1462.45 3.69759
1462.65 -0.194504
1462.85 2.3276
1463.05 2.01323
1463.25 1.32571
1463.45 2.42374
1463.65 0.6838
1463.84 3.35509
1464.04 0.32016
1464.24 0.21162
1464.44 0.136951
1464.64 0.0870146
1464.84 0.0545395
1465.04 0.033996
1465.24 0.0213516
1465.44 0.0137779
1465.64 0.00936217
1759.51 0.0434804
1759.7 0.045116
1759.9 0.0478275
1760.1 0.0522134
1760.3 0.0591341
1760.5 0.0697853
1760.7 0.0857701
1760.9 0.109158
1761.1 5.42553
1761.3 0.18884
1761.5 4.3982
1761.7 0.334102
1761.89 0.439904
1762.09 0.571699
1762.29 0.731157
1762.49 0.918326
1762.69 4.55064
1762.89 1.36509
1763.09 2.90326
1763.29 2.00475
1763.49 2.1105
1763.69 2.33576
1763.89 1.59073
1764.08 2.67621
1764.28 2.77015
1764.48 1.45247
1764.68 2.77504
1764.88 2.09611
1765.08 2.06234
1765.28 1.37857
1765.48 2.12949
1765.68 2.0034
1765.88 1.63364
1766.08 2.85443
1766.27 2.25675
1766.47 0.935477
1766.67 2.71793
1766.87 3.04457
1767.07 0.450605
1767.27 0.342742
1767.47 0.258324
1767.67 0.194041
1767.87 0.146388
1768.07 0.111981
1768.27 0.0877734
1768.46 0.0711717
1768.66 0.0600703
1768.86 0.0528303
1769.06 0.0482242
1769.26 0.045365
1769.46 0.043633
2609.65 0.00922804
2609.85 0.0134148
2610.05 0.0195052
2610.25 0.0281908
2610.45 0.0403327
2610.65 0.0569675
2610.85 0.0792973
2611.05 0.108658
2611.25 0.146462
2611.45 0.194107
2611.65 0.252859
2611.84 0.323703
2612.04 0.407181
2612.24 3.26296
2612.44 0.611
2612.64 0.728801
2612.84 0.85399
2613.04 0.983025
2613.24 1.11157
2613.44 1.23472
2613.64 2.1374
2613.84 2.09542
2614.03 2.61689
2614.23 2.53413
2614.43 2.04682
2614.63 1.59479
2614.83 1.56358
2615.03 2.07342
2615.23 2.78142
2615.43 2.14893
2615.63 1.20888
2615.83 1.08421
2616.03 3.91095
2616.22 0.826807
2616.42 2.79402
2616.62 0.587292
2616.82 0.481998
2617.02 0.388664
2617.22 0.307945
2617.42 0.239766
2617.62 0.183477
2617.82 0.138023
2618.02 0.102106
2618.22 0.074319
2618.41 0.053265
2618.61 0.0376365
2618.81 0.0262679
2619.01 0.0181619
2619.21 0.0124955
2619.41 0.00861147
