41.6334 -4330.21
41.8324 -4257.19
42.0315 -5145.91
42.2305 -4610.24
42.4295 -4537.2
42.6285 -4488.52
42.8276 -4719.7
43.0266 -4780.6
43.2256 -4257.18
43.4247 -4805.51
43.6237 -4720.53
43.8227 -5321.96
44.0218 -4979.18
44.2208 -5276.77
44.4198 -6017.68
44.6188 -7181.92
44.8179 -8019.93
45.0169 -9028.56
45.2159 -10798.6
45.415 -12689.6
45.614 -14899.5
45.813 -16818.5
46.012 -18355.7
46.2111 -20098.6
46.4101 -20512.1
46.6091 -21250.3
46.8082 -18936.9
47.0072 -17654.4
47.2062 -17150.9
47.4053 -14330.9
47.6043 -13863.6
47.8033 -10839.5
48.0024 -8652.25
48.2014 -7600.66
48.4004 -6514.08
48.5994 -6030.46
48.7985 -5127.31
48.9975 -4473.97
49.1965 -4048.35
49.3956 -4038.68
49.5946 -4330.61
49.7936 -3967.76
49.9927 -4064.68
50.1917 -3666.16
50.3907 -3786.76
50.5898 -4209.6
50.7888 -4185.16
50.9878 -4184.5
51.1868 -4561.67
51.3859 -4597.71
51.5849 -5016.19
51.7839 -5238.98
51.983 -5638.94
52.182 -5698.24
52.381 -6887.3
52.5801 -6509.84
52.7791 -7640.63
52.9781 -8414.5
53.1772 -8283.92
53.3762 -7968.36
53.5752 -7562
53.7742 -7627.1
53.9733 -6900.26
54.1723 -6898.58
54.3713 -6524.52
54.5704 -5463.9
54.7694 -4929.2
54.9684 -4818.97
55.1675 -4952.13
55.3665 -3966.76
55.5655 -3775.04
55.7646 -4209.52
55.9636 -3969.1
56.1626 -4149.02
56.3617 -3873.4
56.5607 -3837.56
56.7597 -4100.79
56.9588 -4052.9
57.1578 -4339.76
57.3568 -3909.41
57.5559 -3754.09
57.7549 -4661.92
57.9539 -4207.95
58.153 -4375
181.361 -10838.5
181.56 -10879.8
181.759 -11594.1
181.958 -11154.7
182.157 -11237
182.356 -11264.5
182.555 -11456.6
182.754 -11154.7
182.953 -10523.4
183.152 -11182.1
183.351 -11456.9
183.55 -12021.5
183.749 -12947.6
183.949 -11981.3
184.148 -12550.4
184.347 -13417
184.546 -13894.1
184.745 -15827.2
184.944 -16299.1
185.143 -18049.3
185.342 -20010.9
185.541 -21014.2
185.74 -22277.1
185.939 -23969.1
186.138 -24525.9
186.337 -24179.9
186.536 -23189.1
186.735 -22695.1
186.934 -21370
187.133 -18821.7
187.332 -17962.6
187.532 -16516.1
187.731 -14544.9
187.93 -14021.6
188.129 -13080.2
188.328 -12327.5
188.527 -10686.3
188.726 -11387.6
188.925 -11427.1
189.124 -10512.3
189.323 -10839
189.522 -10879.4
189.721 -10254
189.92 -10308.4
190.119 -10145.5
190.318 -10131.9
190.517 -10145.5
190.716 -10159.1
190.915 -9847.3
191.115 -9400.14
237.097 -5979.64
237.296 -6055.91
237.495 -5560.78
237.694 -6119.41
237.894 -5738.76
238.093 -5967.16
238.292 -6144.76
238.491 -6436.65
238.69 -6030.5
238.889 -6233.84
239.088 -5991.1
239.287 -7002.21
239.486 -7158.77
239.685 -7862.8
239.884 -9066
240.083 -10184.2
240.282 -11250.7
240.481 -13234.5
240.68 -15669.2
240.88 -17570.7
241.079 -20335
241.278 -23502.3
241.477 -24631.9
241.676 -26449.2
241.875 -27454.9
242.074 -27470.2
242.273 -26114.3
242.472 -24676.7
242.671 -23518.4
242.87 -20069
243.069 -17628.4
243.268 -15798.3
243.467 -12954.7
243.666 -10358.9
243.865 -10049.2
244.065 -7941.08
244.264 -6846.38
244.463 -6565.83
244.662 -6093.88
244.861 -6169.39
245.06 -5752.61
245.259 -5965.3
245.458 -5901.82
245.657 -5451.46
245.856 -5251.72
246.055 -5625.94
246.254 -5226.92
246.453 -5251.88
246.652 -5027.77
246.851 -4965.66
254.018 -4880.16
254.217 -4745.25
254.416 -4463.37
254.615 -4316.44
254.814 -4243.09
255.013 -4524.81
255.212 -4659.47
255.411 -4891.92
255.61 -4598.3
255.809 -4818.43
256.008 -4891.79
256.208 -4182.49
256.407 -4647.23
256.606 -5014.5
256.805 -4561.41
257.004 -4917.08
257.203 -4917.34
257.402 -4942.12
257.601 -5634.11
257.8 -5140.08
257.999 -5351.29
258.198 -5451.18
258.397 -5613.65
258.596 -5276.52
258.795 -5076.43
258.994 -5426.48
259.194 -5301.65
259.393 -5575.64
259.592 -4668.27
259.791 -4954.37
259.99 -4769.49
260.189 -4757.52
260.388 -4696.21
260.587 -4488.42
260.786 -4293.66
260.985 -4780.16
261.184 -4257.79
261.383 -4366.96
261.582 -4463.73
261.781 -3931.46
261.98 -4596.37
262.18 -4475.38
262.379 -4282.1
262.578 -4475.13
262.777 -4137.28
262.976 -4221.7
263.175 -3787.82
263.374 -4293.93
263.573 -3860.36
263.772 -3932.69
269.943 -3897.06
270.142 -3920.77
270.341 -3837.63
270.54 -3980.05
270.739 -4003.73
270.939 -3517.2
271.138 -3552.83
271.337 -3232.58
271.536 -3564.72
271.735 -3635.88
271.934 -3386.74
272.133 -3908.8
272.332 -3540.76
272.531 -3813.97
272.73 -3837.81
272.929 -4064.48
273.128 -3813.71
273.327 -4149.12
273.526 -4269.75
273.726 -4620.43
273.925 -4536.72
274.124 -4561.49
274.323 -4537.29
274.522 -4671.61
274.721 -4524.98
274.92 -4317.33
275.119 -4781.24
275.318 -4695.33
275.517 -3882.1
275.716 -3944.13
275.915 -3704.78
276.114 -3777.92
276.313 -3778.3
276.513 -3789.92
276.712 -3694.88
276.911 -3600.27
277.11 -3400.54
277.309 -3517.6
277.508 -3201.72
277.707 -3786.19
277.906 -3271.92
278.105 -3564.21
278.304 -3295.23
278.503 -2744.83
278.702 -3353.68
278.901 -3001.86
279.1 -3506.12
279.299 -3811.32
279.499 -3283.09
279.698 -3459.2
279.897 -3858.48
280.096 -3611.86
280.295 -3388.75
280.494 -3447.46
280.693 -3294.87
280.892 -3283.16
281.091 -3435.73
281.29 -3459.19
281.489 -3365.36
281.688 -3623.33
281.887 -3341.94
282.086 -3365.39
282.286 -3564.6
290.248 -3063.26
290.447 -3593.78
290.647 -2821.12
290.846 -3086.31
291.045 -3086.31
291.244 -3259.35
291.443 -2647.5
291.642 -3248.42
291.841 -3341.79
292.04 -3330.19
292.239 -3742.65
292.438 -4245.9
292.637 -4941.99
292.836 -6259.31
293.035 -7494.84
293.234 -10213
293.434 -13458.9
293.633 -16815.5
293.832 -22546.1
294.031 -28449.4
294.23 -34026
294.429 -39052.9
294.628 -44978.4
294.827 -49356.2
295.026 -54860.7
295.225 -55258
295.424 -52939.1
295.623 -51119.3
295.822 -46853.5
296.022 -40249
296.221 -34855.9
296.42 -28878.1
296.619 -23755.3
296.818 -16280.5
297.017 -13669.7
297.216 -10199.8
297.415 -7758.4
297.614 -5498.14
297.813 -4769.75
298.012 -4305.1
298.211 -3553.3
298.41 -3097.76
298.609 -3143.63
298.809 -2902.26
299.008 -2833.65
299.207 -2765.31
299.406 -2810.71
299.605 -2765.26
299.804 -2708.53
300.003 -2765.2
300.202 -2527.27
346.985 -1918.25
347.184 -1519.44
347.383 -1676.81
347.582 -1225.58
347.782 -1634.88
347.981 -1392.52
348.18 -1623.97
348.379 -1911.4
348.578 -2302.61
348.777 -2583.32
348.976 -3512.5
349.175 -3705.4
349.374 -5263.29
349.573 -7692.64
349.772 -12253.2
349.971 -15139.7
350.17 -21875.6
350.37 -30017.9
350.569 -39246.2
350.768 -49992.3
350.967 -59331.6
351.166 -69335.2
351.365 -79236.9
351.564 -87587.6
351.763 -91437.6
351.962 -92968.5
352.161 -91923.8
352.36 -84409.1
352.559 -76399
352.759 -67396.6
352.958 -55902.5
353.157 -45609
353.356 -35783.3
353.555 -28491.7
353.754 -20775.9
353.953 -14926.5
354.152 -10131.9
354.351 -7003.57
354.55 -4892.82
354.749 -3765.04
354.948 -2493.8
355.148 -1702.84
355.347 -1719.18
355.546 -1414.89
355.745 -1695.88
355.944 -1395.87
356.143 -1313.89
356.342 -1283.36
356.541 -1457.09
356.74 -1324.35
356.939 -1477.27
381.825 -1093.75
382.024 -1301.63
382.223 -1262.03
382.422 -1054.16
382.621 -1103.65
382.82 -1192.73
383.019 -1252.13
383.218 -1153.15
383.417 -1044.24
383.617 -1064.02
383.816 -1073.9
384.015 -1063.93
384.214 -1083.7
384.413 -1163.21
384.612 -1153.22
384.811 -1032.84
385.01 -1213.18
385.209 -1223.06
385.408 -1507.66
385.607 -1436.89
385.806 -1488.61
386.006 -1281.08
386.205 -1582.41
386.404 -1582.39
386.603 -1603.24
386.802 -1592.42
387.001 -1804.12
387.2 -1655.59
387.399 -2059.55
387.598 -1495.63
387.797 -2006.88
387.996 -1847.08
388.196 -1879.13
388.395 -1804.42
388.594 -1996.53
388.793 -1857.7
388.992 -1868.12
389.191 -1539.23
389.39 -1592.67
389.589 -1477.63
389.788 -1405.37
389.987 -1292.38
390.186 -1324.13
390.385 -1293.85
390.585 -1415.21
390.784 -1193.1
390.983 -1233.19
391.182 -1133.32
391.381 -1312.2
391.58 -1153.2
391.779 -1212.54
391.978 -1212.44
392.177 -1242.02
392.376 -1044.39
392.575 -1044.4
392.775 -1044.41
392.974 -916.07
393.173 -1093.78
393.372 -965.454
393.571 -1103.65
393.77 -1083.91
449.914 -883.026
450.113 -485.383
450.312 -629.944
450.511 -738.263
450.71 -521.689
450.909 -657.013
451.108 -611.929
451.308 -711.085
451.507 -675.03
451.706 -593.893
451.905 -638.976
452.104 -720.297
452.303 -747.621
452.502 -593.46
452.701 -693.479
452.9 -730.178
453.099 -674.837
453.298 -906.924
453.498 -964.209
453.697 -889.687
453.896 -889.88
454.095 -976.18
454.294 -918.464
454.493 -850.449
454.692 -1054.07
454.891 -1063.75
455.09 -1053.86
455.289 -822.159
455.489 -947.299
455.688 -690.313
455.887 -767.007
456.086 -655.342
456.285 -841.195
456.484 -775.975
456.683 -638.858
456.882 -548.654
457.081 -603.013
457.28 -638.834
457.479 -433.737
457.679 -398.582
457.878 -585.247
458.077 -549.797
458.276 -514.415
458.475 -532.144
458.674 -558.685
458.873 -364.164
459.072 -700.203
459.271 -620.641
459.47 -594.111
459.67 -549.696
459.869 -558.47
460.068 -477.628
460.267 -846.169
460.466 -611.729
460.665 -675.223
460.864 -822.222
461.063 -646.831
461.262 -869.915
461.461 -823.468
461.661 -729.368
461.86 -804.638
462.059 -955.63
462.258 -927.142
462.457 -673.315
462.656 -711.305
462.855 -730.213
463.054 -665.843
463.253 -647.872
463.452 -648.009
463.651 -710.667
463.851 -629.756
464.05 -434.859
464.249 -646.661
464.448 -602.429
464.647 -558.554
464.846 -541.055
465.045 -610.507
465.244 -480.246
465.443 -523.599
465.642 -575.511
465.842 -471.677
466.041 -471.698
466.24 -411.27
466.439 -575.289
466.638 -471.749
466.837 -549.328
475.597 -540.064
475.796 -574.138
475.996 -412.164
476.195 -429.221
476.394 -344.061
476.593 -446.268
476.792 -437.755
476.991 -522.907
477.19 -412.183
477.389 -454.773
477.588 -463.295
477.787 -403.311
477.987 -420.203
478.186 -523.56
478.385 -558.474
478.584 -418.166
478.783 -594.116
478.982 -549.233
479.181 -602.641
479.38 -675.137
479.579 -776.555
479.778 -842.08
479.978 -597.589
480.177 -965.319
480.376 -795.009
480.575 -965.447
480.774 -710.316
480.973 -785.961
481.172 -711.542
481.371 -794.663
481.57 -684.334
481.769 -791.768
481.969 -638.534
482.168 -646.464
482.367 -523.634
482.566 -445.951
482.765 -548.764
482.964 -531.275
483.163 -395.531
483.362 -496.918
483.561 -446.272
483.76 -606.191
483.96 -353.641
484.159 -471.589
484.358 -387.089
484.557 -539.785
484.756 -557.41
484.955 -428.554
485.154 -558.562
485.353 -558.681
485.552 -504.304
485.751 -565.875
485.951 -813.523
486.15 -738.999
486.349 -908.866
486.548 -1014.66
486.747 -995.79
486.946 -966.642
487.145 -908.134
487.344 -986.108
487.543 -1044.12
487.742 -870.623
487.942 -823.393
488.141 -945.07
488.34 -730.25
488.539 -702.412
488.738 -540.603
488.937 -637.755
489.136 -445.639
489.335 -437.615
489.534 -446.307
489.734 -437.831
489.933 -379.258
490.132 -420.97
490.331 -362.871
490.53 -437.398
490.729 -379.504
490.928 -412.518
491.127 -363.03
491.326 -321.851
491.525 -412.46
491.725 -379.526
491.924 -395.977
492.123 -280.874
575.15 -367.701
575.349 -214.175
575.548 -298.61
575.748 -321.637
575.947 -244.879
576.146 -298.616
576.345 -191.114
576.544 -183.391
576.743 -275.604
576.942 -298.724
577.141 -267.909
577.34 -252.392
577.54 -400.188
577.739 -220.658
577.938 -259.496
578.137 -274.874
578.336 -403.523
578.535 -346.724
578.734 -479.192
578.933 -387.227
579.132 -429.073
579.332 -497.613
579.531 -506.132
579.73 -567.515
579.929 -735.758
580.128 -478.825
580.327 -532.109
580.526 -620.372
580.725 -436.236
580.925 -601.362
581.124 -412.12
581.323 -429.427
581.522 -379.506
581.721 -387.466
581.92 -330.781
582.119 -275.528
582.318 -314.2
582.517 -222.158
582.717 -275.092
582.916 -282.201
583.115 -177.988
583.314 -222.505
583.513 -281.653
583.712 -185.491
583.911 -200.245
584.11 -118.222
584.309 -207.528
584.509 -229.952
584.708 -214.849
584.907 -343.327
585.106 -245.006
585.305 -191.778
585.504 -298.298
585.703 -397.507
585.902 -298.4
586.101 -222.034
586.301 -191.448
586.5 -214.364
586.699 -267.879
586.898 -306.112
587.097 -321.406
587.296 -183.77
587.495 -321.402
587.694 -183.776
587.893 -244.943
588.093 -191.43
604.42 -200.053
604.619 -129.19
604.818 -171.696
605.017 -251.337
605.216 -215.047
605.416 -260.126
605.615 -404.043
605.814 -506.162
606.013 -861.098
606.212 -990.092
606.411 -1954.44
606.61 -3330.22
606.809 -5560.64
607.008 -7640.63
607.208 -11525.1
607.407 -16299.7
607.606 -21147.5
607.805 -28710.2
608.004 -36397.4
608.203 -46496.3
608.402 -54550.1
608.601 -60327.6
608.801 -70079
609 -74745.9
609.199 -77321.3
609.398 -75903.6
609.597 -73077.4
609.796 -73395.1
609.995 -64556
610.194 -54566
610.393 -46725.2
610.593 -37390.4
610.792 -29338.5
610.991 -21856.9
611.19 -17223.1
611.389 -12286.2
611.588 -8007
611.787 -6090.68
611.986 -3659.6
612.186 -2515.19
612.385 -1261.79
612.584 -640.899
612.783 -656.441
612.982 -329.451
613.181 -204.637
613.38 -335.549
613.579 -222.432
613.778 -214.849
613.978 -164.572
614.177 -228.644
656.788 -150.671
656.987 -185.864
657.186 -206.956
657.386 -157.728
657.585 -164.76
657.784 -157.737
657.983 -101.56
658.182 -206.889
658.381 -164.763
658.58 -136.674
658.779 -171.786
658.979 -185.854
659.178 -214.049
659.377 -157.677
659.576 -129.319
659.775 -235.702
659.974 -214.54
660.173 -178.844
660.372 -157.172
660.572 -236.676
660.771 -207.739
660.97 -266.301
661.169 -222.449
661.368 -207.738
661.567 -178.147
661.766 -215.1
661.965 -252.232
662.165 -192.663
662.364 -207.423
662.563 -176.693
662.762 -399.004
662.961 -220.247
663.16 -298.334
663.359 -462.782
663.558 -419.886
663.757 -603.067
663.957 -637.903
664.156 -1070.73
664.355 -946.829
664.554 -1163.16
664.753 -1395.7
664.952 -1375.01
665.151 -1478.09
665.35 -1530.04
665.55 -1708.13
665.749 -1519.82
665.948 -1581.57
666.147 -1222.61
666.346 -1183.17
666.545 -1132.35
666.744 -775.96
666.943 -794.538
667.143 -567.501
667.342 -523.132
667.541 -437.129
667.74 -322.777
667.939 -153.025
668.138 -229.941
668.337 -243.911
668.536 -107.838
668.736 -171.771
668.935 -164.739
669.134 -102.713
669.333 -130.344
669.532 -137.23
669.731 -150.89
669.93 -157.695
670.129 -205.322
670.329 -157.672
698.206 -149.833
698.405 -222.106
698.604 -178.768
698.803 -200.424
699.003 -185.994
699.202 -164.36
699.401 -229.271
699.6 -265.383
699.799 -157.067
699.998 -207.696
700.197 -200.457
700.396 -244.36
700.596 -156.058
700.795 -177.73
700.994 -214.761
701.193 -290.95
701.392 -338.085
701.591 -275.06
701.79 -330.696
701.989 -288.812
702.189 -496.427
702.388 -386.867
702.587 -488.987
702.786 -454.404
702.985 -445.531
703.184 -575.692
703.383 -566.804
703.582 -506.167
703.782 -395.307
703.981 -429.417
704.18 -437.256
704.379 -322.605
704.578 -338.683
704.777 -322.338
704.976 -328.98
705.175 -214.951
705.375 -178.193
705.574 -266.011
705.773 -193.205
705.972 -264.57
706.171 -207.255
706.37 -171.792
706.569 -157.716
706.768 -213.898
706.968 -143.75
707.167 -171.765
707.366 -150.795
707.565 -108.927
707.764 -102.004
707.963 -143.862
714.933 -199.001
715.132 -178.417
715.331 -205.984
715.53 -61.2976
715.729 -171.603
715.928 -137.07
716.127 -178.578
716.327 -95.347
716.526 -206.529
716.725 -150.789
716.924 -164.758
717.123 -129.292
717.322 -150.259
717.521 -236.626
717.721 -295.851
717.92 -215.036
718.119 -237.399
718.318 -244.656
718.517 -291.142
718.716 -314.723
718.915 -232.385
719.114 -387.744
719.314 -462.966
719.513 -327.91
719.712 -437.792
719.911 -548.401
720.11 -471.773
720.309 -488.52
720.508 -395.923
720.707 -396.032
720.907 -420.242
721.106 -370.94
721.305 -322.711
721.504 -322.175
721.703 -267.855
721.902 -244.977
722.101 -237.342
722.3 -127.075
722.5 -200.456
722.699 -149.848
722.898 -221.982
723.097 -178.838
723.296 -236.157
723.495 -178.855
723.694 -186.012
723.894 -178.854
724.093 -157.366
724.292 -178.847
724.491 -207.527
724.69 -186.013
758.144 -110.319
758.343 -117.063
758.542 -164.289
758.741 -157.544
758.941 -157.546
759.14 -137.302
759.339 -137.301
759.538 -137.301
759.737 -90.0359
759.936 -164.316
760.135 -96.7617
760.334 -117.02
760.534 -144.061
760.733 -137.294
760.932 -137.291
761.131 -184.777
761.33 -137.277
761.529 -198.521
761.728 -184.982
761.928 -164.561
762.127 -130.367
762.326 -144.049
762.525 -137.17
762.724 -102.764
762.923 -150.905
763.122 -164.678
763.321 -82.0307
763.521 -130.246
763.72 -205.987
763.919 -164.679
764.118 -116.413
764.317 -233.952
764.516 -241.457
764.715 -129.442
764.915 -214.789
765.114 -237.295
765.313 -244.901
765.512 -290.778
765.711 -387.417
765.91 -355.387
766.109 -776.625
766.308 -956.763
766.508 -1303.95
766.707 -1984.85
766.906 -2194.61
767.105 -2719.87
767.304 -3050.64
767.503 -3599.74
767.702 -4487.94
767.902 -4549.18
768.101 -5213.81
768.3 -4793.12
768.499 -5672.42
768.698 -4806.6
768.897 -4183.49
769.096 -4137.31
769.295 -3565.11
769.495 -3155.58
769.694 -2651.44
769.893 -2193.57
770.092 -1509.2
770.291 -1082.8
770.49 -1091.02
770.689 -629.631
770.889 -523.608
771.088 -478.459
771.287 -267.578
771.486 -260.104
771.685 -178.551
771.884 -207.338
772.083 -171.758
772.283 -150.896
772.482 -123.489
772.681 -157.716
772.88 -130.459
773.079 -137.275
773.278 -150.863
781.044 -96.9181
781.244 -103.623
781.443 -204.726
781.642 -117.049
781.841 -144.06
782.04 -110.161
782.239 -137.262
782.438 -178.308
782.638 -137.067
782.837 -276.775
783.036 -164.631
783.235 -127.656
783.434 -237.443
783.633 -321.908
783.832 -322.81
784.031 -362.968
784.231 -429.044
784.43 -664.873
784.629 -784.748
784.828 -673.384
785.027 -976.204
785.226 -1015.24
785.425 -1143.31
785.625 -1343.85
785.824 -1334.33
786.023 -1223
786.222 -1213.04
786.421 -972.489
786.62 -1073.88
786.819 -1025.06
787.018 -937.686
787.218 -870.007
787.417 -793.268
787.616 -576.312
787.815 -267.324
788.014 -461.888
788.213 -434.315
788.412 -237.044
788.612 -214.954
788.811 -193.109
789.01 -128.524
789.209 -185.952
789.408 -199.827
789.607 -199.586
789.806 -102.329
790.006 -185.475
790.205 -150.895
790.404 -109.472
790.603 -199.221
790.802 -116.374
791.001 -157.802
791.2 -171.622
801.356 -185.972
801.555 -235.627
801.755 -171.78
801.954 -171.78
802.153 -157.581
802.352 -171.763
802.551 -136.039
802.75 -229.115
802.949 -149.664
803.149 -259.267
803.348 -267.473
803.547 -260.223
803.746 -306.927
803.945 -232.319
804.144 -463.232
804.343 -567.409
804.542 -620.818
804.742 -767.285
804.941 -832.005
805.14 -1044.5
805.339 -1072.35
805.538 -1365.18
805.737 -1581.84
805.936 -1624.08
806.136 -1634.72
806.335 -1363.1
806.534 -1582.15
806.733 -1344.51
806.932 -1385.05
807.131 -1153.24
807.33 -995.825
807.53 -917.928
807.729 -739.26
807.928 -549.835
808.127 -523.009
808.326 -404.18
808.525 -346.535
808.724 -298.507
808.924 -237.359
809.123 -207.674
809.322 -164.698
809.521 -206.617
809.72 -95.7392
809.919 -185.097
810.118 -96.4685
810.317 -123.746
810.517 -49.5031
810.716 -164.258
810.915 -170.936
811.114 -150.733
834.214 -164.767
834.413 -171.778
834.612 -73.5884
834.812 -213.887
835.011 -157.739
835.21 -157.725
835.409 -185.883
835.608 -164.725
835.807 -178.873
836.006 -200.286
836.206 -193.203
836.405 -236.854
836.604 -133.912
836.803 -237.461
837.002 -306.154
837.201 -291.202
837.4 -346.784
837.6 -240.578
837.799 -487.79
837.998 -454.786
838.197 -402.383
838.396 -646.482
838.595 -487.621
838.794 -746.091
838.994 -486.432
839.193 -710.635
839.392 -549.497
839.591 -638.384
839.79 -436.032
839.989 -497.623
840.188 -581.996
840.388 -404.337
840.587 -289.881
840.786 -227.235
840.985 -330.163
841.184 -321.33
841.383 -169.965
841.582 -252.023
841.782 -360.815
841.981 -250.946
842.18 -200.342
842.379 -150.362
842.578 -143.361
842.777 -93.8302
842.976 -150.557
843.175 -136.433
843.375 -214.202
843.574 -207.128
843.773 -129.387
843.972 -214.197
855.721 -178.866
855.921 -228.864
856.12 -164.579
856.319 -178.865
856.518 -186.008
856.717 -228.871
856.916 -250.303
857.115 -221.728
857.315 -186.009
857.514 -85.9948
857.713 -121.717
857.912 -171.722
858.111 -171.724
858.31 -150.303
858.509 -171.728
858.709 -157.456
858.908 -164.599
859.107 -250.197
859.306 -193.131
859.505 -107.6
859.704 -221.62
859.903 -250.095
860.103 -150.392
860.302 -221.589
860.501 -193.112
860.7 -235.829
860.899 -121.908
861.098 -164.628
861.297 -178.872
861.497 -186
861.696 -164.607
861.895 -128.922
862.094 -214.56
862.293 -178.866
862.492 -100.278
862.691 -114.544
862.891 -150.267
863.09 -171.71
863.289 -193.163
863.488 -171.706
863.687 -178.858
863.886 -207.474
864.085 -250.404
864.285 -207.477
864.484 -228.945
864.683 -128.765
864.882 -236.106
865.081 -193.169
865.28 -214.64
865.479 -200.327
929.206 -157.617
929.405 -185.953
929.604 -214.32
929.803 -143.367
930.003 -235.856
930.202 -221.813
930.401 -193.208
930.6 -207.755
930.799 -185.31
930.998 -184.048
931.198 -322.57
931.397 -322.544
931.596 -370.41
931.795 -584.981
931.994 -711.736
932.193 -662.182
932.392 -946.305
932.592 -1537.54
932.791 -1759.99
932.99 -1665.21
933.189 -2161.55
933.388 -2526.95
933.587 -2134.8
933.786 -2538.69
933.986 -2742.58
934.185 -2969.64
934.384 -2764.9
934.583 -2404.77
934.782 -2094.98
934.981 -2215.23
935.181 -1666.16
935.38 -1561.18
935.579 -1323.73
935.778 -888.993
935.977 -785.981
936.176 -656.947
936.375 -514.888
936.575 -429.182
936.774 -346.722
936.973 -298.697
937.172 -229.964
937.371 -163.999
937.57 -157.377
937.769 -228.311
937.969 -143.767
938.168 -157.801
938.367 -81.576
938.566 -178.539
938.765 -137.101
938.964 -206.029
959.278 -157.772
959.477 -144.042
959.676 -205.827
959.875 -123.442
960.074 -47.8732
960.273 -130.285
960.473 -199.084
960.672 -157.797
960.871 -143.972
961.07 -164.752
961.269 -199.704
961.468 -214.038
961.667 -157.544
961.867 -128.452
962.066 -251.506
962.265 -237.316
962.464 -282.604
962.663 -206.708
962.862 -384.376
963.062 -369.977
963.261 -346.759
963.46 -346.903
963.659 -355.01
963.858 -387.66
964.057 -297.64
964.256 -330.438
964.456 -330.585
964.655 -314.585
964.854 -290.807
965.053 -322.729
965.252 -221.105
965.451 -260.234
965.65 -162.063
965.85 -311.513
966.049 -207.751
966.248 -229.185
966.447 -264.148
966.646 -206.943
966.845 -129.912
967.045 -123.185
967.244 -150.904
967.443 -123.448
967.642 -171.446
967.841 -198.746
968.04 -130.413
968.239 -150.891
968.439 -89.5271
968.638 -103.179
968.837 -171.324
969.036 -103.202
1047.1 -85.5295
1047.3 -91.8688
1047.5 -142.572
1047.7 -85.5281
1047.9 -41.1321
1048.1 -142.622
1048.3 -117.254
1048.5 -180.942
1048.7 -104.542
1048.9 -104.528
1049.1 -91.5939
1049.3 -175.914
1049.49 -130.532
1049.69 -64.195
1049.89 -157.498
1050.09 -185.073
1050.29 -123.073
1050.49 -200.041
1050.69 -142.946
1050.89 -185.881
1051.09 -222.496
1051.29 -200.083
1051.49 -244.997
1051.69 -154.057
1051.88 -358.993
1052.08 -207.02
1052.28 -350.966
1052.48 -214.91
1052.68 -215.063
1052.88 -266.601
1053.08 -207.704
1053.28 -157.45
1053.48 -150.722
1053.68 -130.189
1053.88 -130.491
1054.08 -137.287
1054.27 -97.5945
1054.47 -110.903
1054.67 -65.7619
1054.87 -149.363
1055.07 -79.0801
1055.27 -142.575
1055.47 -129.811
1055.67 -79.314
1055.87 -104.524
1056.07 -85.6561
1056.27 -66.8178
1056.47 -79.394
1056.66 -142.171
1056.86 -91.9577
1065.03 -117.214
1065.23 -85.5409
1065.43 -117.211
1065.63 -79.2073
1065.83 -155.226
1066.02 -79.1934
1066.22 -129.916
1066.42 -91.8457
1066.62 -85.459
1066.82 -85.4021
1067.02 -136.559
1067.22 -117.383
1067.42 -104.446
1067.62 -143.576
1067.82 -90.9411
1068.02 -123.917
1068.22 -171.144
1068.41 -178.354
1068.61 -150.847
1068.81 -207.027
1069.01 -235.927
1069.21 -178.792
1069.41 -229.525
1069.61 -149.268
1069.81 -156.408
1070.01 -222.436
1070.21 -302.973
1070.41 -164.011
1070.61 -207.676
1070.8 -135.855
1071 -136.368
1071.2 -101.836
1071.4 -164.695
1071.6 -205.285
1071.8 -76.9142
1072 -130.592
1072.2 -143.609
1072.4 -182.257
1072.6 -143.099
1072.8 -91.7627
1073 -47.3414
1073.19 -72.8842
1073.39 -72.9659
1073.59 -117.132
1073.79 -85.6451
1073.99 -66.8001
1074.19 -142.205
1074.39 -104.511
1074.59 -85.6801
1074.79 -104.507
1115.42 -44.044
1115.62 -133.941
1115.81 -110.249
1116.01 -91.9953
1116.21 -85.2509
1116.41 -110.492
1116.61 -150.595
1116.81 -192.388
1117.01 -338.83
1117.21 -514.733
1117.41 -931.622
1117.61 -771.86
1117.81 -1437.04
1118.01 -2204.07
1118.2 -2674.48
1118.4 -3624.17
1118.6 -4990.05
1118.8 -5739.89
1119 -7833.03
1119.2 -8416.82
1119.4 -9820.88
1119.6 -11715.8
1119.8 -11870.7
1120 -12634
1120.2 -13444.3
1120.4 -13178.6
1120.59 -12007.1
1120.79 -11898.4
1120.99 -10880.8
1121.19 -9065.35
1121.39 -8125.39
1121.59 -6873.87
1121.79 -5651.62
1121.99 -4084.36
1122.19 -3777.67
1122.39 -2924
1122.59 -2138.91
1122.79 -1488.5
1122.98 -1132.03
1123.18 -647.745
1123.38 -480.405
1123.58 -210.606
1123.78 -297.44
1123.98 -242.265
1124.18 -110.569
1124.38 -98.1423
1124.58 -42.4598
1124.78 -85.8648
1124.98 -55.9407
1125.18 -109.4
1128.76 -79.3637
1128.96 -123.352
1129.16 -91.9613
1129.36 -135.815
1129.56 -135.775
1129.76 -85.7253
1129.96 -79.4769
1130.15 -110.739
1130.35 -98.2323
1130.55 -73.12
1130.75 -91.9231
1130.95 -142.587
1131.15 -85.3695
1131.35 -156.116
1131.55 -58.65
1131.75 -104.115
1131.95 -164.165
1132.15 -82.6974
1132.35 -137.037
1132.54 -234.992
1132.74 -57.9334
1132.94 -236.354
1133.14 -229.466
1133.34 -163.977
1133.54 -215.071
1133.74 -258.934
1133.94 -171.318
1134.14 -178.737
1134.34 -193.177
1134.54 -207.16
1134.74 -199.609
1134.93 -157.757
1135.13 -170.944
1135.33 -117.372
1135.53 -85.0199
1135.73 -129.992
1135.93 -66.9575
1136.13 -79.6823
1136.33 -73.71
1136.53 -37.7402
1136.73 -26.2066
1136.93 -85.7122
1137.13 -68.0104
1137.32 -85.5794
1137.52 -73.8699
1137.72 -108.692
1137.92 -62.2644
1138.12 -44.9602
1138.32 -68.0512
1138.52 -119.753
1150.27 -85.8098
1150.47 -98.2006
1150.67 -73.4056
1150.87 -104.419
1151.07 -79.5457
1151.27 -73.2182
1151.46 -73.0366
1151.66 -98.1808
1151.86 -162.631
1152.06 -163.527
1152.26 -177.862
1152.46 -199.604
1152.66 -149.944
1152.86 -192.559
1153.06 -244.546
1153.26 -451.775
1153.46 -295.606
1153.66 -514.91
1153.85 -674.307
1154.05 -730.065
1154.25 -860.772
1154.45 -1032.65
1154.65 -986.034
1154.85 -1219.97
1155.05 -946.63
1155.25 -936.691
1155.45 -946.799
1155.65 -1180.34
1155.85 -985.78
1156.05 -700.635
1156.24 -683.908
1156.44 -666.095
1156.64 -444.391
1156.84 -395.162
1157.04 -239.723
1157.24 -370.289
1157.44 -191.663
1157.64 -185.786
1157.84 -228.205
1158.04 -96.408
1158.24 -77.7549
1158.44 -72.3327
1158.63 -154.971
1158.83 -98.2102
1159.03 -116.549
1159.23 -146.769
1159.43 -37.4103
1159.63 -91.8886
1159.83 -97.8823
1160.03 -67.8117
1168.39 -103.675
1168.59 -50.0153
1168.79 -91.7478
1168.99 -67.9021
1169.19 -67.9017
1169.39 -61.9376
1169.59 -91.7542
1169.79 -109.663
1169.99 -85.7997
1170.19 -79.8286
1170.39 -103.786
1170.58 -73.8262
1170.78 -37.6884
1170.98 -85.8578
1171.18 -55.5358
1171.38 -98.0611
1171.58 -85.8618
1171.78 -135.147
1171.98 -92.0043
1172.18 -116.926
1172.38 -117.031
1172.58 -91.9361
1172.78 -72.9601
1172.97 -85.5537
1173.17 -199.577
1173.37 -79.2122
1173.57 -41.3243
1173.77 -85.6225
1173.97 -117.061
1174.17 -48.2714
1174.37 -92.0017
1174.57 -104.35
1174.77 -104.264
1174.97 -91.9686
1175.17 -85.8672
1175.36 -110.001
1175.56 -79.8274
1175.76 -85.8191
1175.96 -91.7727
1176.16 -55.9879
1176.36 -97.6661
1176.56 -44.1718
1176.76 -67.9435
1176.96 -97.6031
1177.16 -32.3888
1177.36 -97.583
1177.56 -26.4964
1177.75 -97.5709
1177.95 -103.487
1178.15 -56.1256
1202.85 -40.5683
1203.05 -13.8931
1203.25 -35.1852
1203.45 -78.0477
1203.65 -78.1633
1203.85 -67.4815
1204.04 -56.6877
1204.24 -34.7134
1204.44 -67.8525
1204.64 -51.0281
1204.84 -50.7828
1205.04 -97.4283
1205.24 -116.038
1205.44 -92.0022
1205.64 -136.512
1205.84 -130.566
1206.04 -89.7492
1206.24 -108.892
1206.43 -121.501
1206.63 -156.416
1206.83 -259.88
1207.03 -252.597
1207.23 -260.224
1207.43 -244.647
1207.63 -353.366
1207.83 -298.934
1208.03 -252.439
1208.23 -344.531
1208.43 -161.784
1208.63 -304.375
1208.82 -200.452
1209.02 -250.193
1209.22 -129.976
1209.42 -144.066
1209.62 -130.57
1209.82 -91.6711
1210.02 -104.5
1210.22 -85.8613
1210.42 -49.7557
1210.62 -38.3519
1210.82 -73.8821
1211.02 -91.2543
1211.21 -96.8821
1211.41 -108.255
1211.61 -73.7743
1211.81 -50.8615
1212.01 -39.4119
1212.21 -56.5848
1212.41 -45.1122
1212.61 -79.5227
1233.12 -24.5467
1233.32 -51.2288
1233.52 -45.8433
1233.72 -62.1547
1233.92 -84.5157
1234.12 -73.7322
1234.32 -73.8866
1234.52 -110.552
1234.72 -91.3313
1234.92 -185.499
1235.11 -126.669
1235.31 -259.812
1235.51 -345.997
1235.71 -655.698
1235.91 -711.6
1236.11 -995.827
1236.31 -1233.04
1236.51 -1824.27
1236.71 -2052.36
1236.91 -2449.57
1237.11 -2959.2
1237.31 -3027.91
1237.5 -3647.62
1237.7 -3575.9
1237.9 -3981.19
1238.1 -3969.11
1238.3 -3837.33
1238.5 -4231.28
1238.7 -3387.91
1238.9 -3260.37
1239.1 -2856.46
1239.3 -2617.67
1239.5 -2106.93
1239.7 -1729.92
1239.89 -1375.4
1240.09 -1083.88
1240.29 -767.188
1240.49 -674.409
1240.69 -378.789
1240.89 -418.217
1241.09 -297.227
1241.29 -136.677
1241.49 -130.584
1241.69 -123.274
1241.89 -73.8524
1242.09 -39.2584
1242.28 -17.4921
1242.48 -51.2171
1242.68 -62.0958
1242.88 -35.084
1243.08 -83.3839
1276.14 -90.3824
1276.34 -62.3212
1276.54 -22.8588
1276.74 -62.3292
1276.94 -102.209
1277.14 -62.2986
1277.34 -62.2169
1277.54 -50.1515
1277.74 -85.8684
1277.94 -91.9808
1278.14 -117.404
1278.33 -137.3
1278.53 -115.832
1278.73 -193.17
1278.93 -275.358
1279.13 -251.705
1279.33 -363.142
1279.53 -446.3
1279.73 -462.78
1279.93 -611.968
1280.13 -602.487
1280.33 -933.535
1280.53 -926.228
1280.72 -983.655
1280.92 -700.629
1281.12 -776.295
1281.32 -804.711
1281.52 -637.081
1281.72 -812.773
1281.92 -611.935
1282.12 -629.223
1282.32 -343.033
1282.52 -412.664
1282.72 -290.532
1282.92 -291.149
1283.11 -304.546
1283.31 -164.528
1283.51 -171.541
1283.71 -104.117
1283.91 -78.9869
1284.11 -61.0275
1284.31 -73.7764
1284.51 -73.8834
1284.71 -68.0398
1284.91 -102.701
1285.11 -102.446
1285.31 -50.9073
1285.5 -22.489
1285.7 -107.781
1285.9 -73.6815
1327.53 -67.9462
1327.73 -45.4526
1327.93 -45.4565
1328.13 -79.18
1328.33 -39.8453
1328.53 -90.4056
1328.72 -56.7024
1328.92 -62.3182
1329.12 -56.7033
1329.32 -84.7757
1329.52 -39.8592
1329.72 -62.3183
1329.92 -56.7019
1330.12 -51.0812
1330.32 -90.4331
1330.52 -51.0699
1330.72 -51.0621
1330.92 -45.417
1331.11 -73.6101
1331.31 -101.859
1331.51 -79.2869
1331.71 -73.6442
1331.91 -73.6521
1332.11 -45.3373
1332.31 -62.3292
1332.51 -84.9857
1332.71 -62.3292
1332.91 -5.75657
1333.11 -73.631
1333.31 -56.6829
1333.5 -67.9615
1333.7 -34.1854
1333.9 -56.701
1334.1 -39.8763
1334.3 -45.507
1334.5 -67.9009
1334.7 -45.5423
1334.9 -112.524
1335.1 -23.2681
1335.3 -56.7203
1335.5 -78.9873
1335.7 -56.7215
1335.89 -73.4027
1336.09 -67.8376
1336.29 -28.9454
1336.49 -62.2759
1336.69 -73.3769
1336.89 -45.6236
1337.09 -62.2707
1337.29 -34.5382
1337.49 -40.0894
1372.74 -56.5563
1372.94 -40.5078
1373.14 -40.4418
1373.34 -45.776
1373.54 -45.6269
1373.74 -96.3903
1373.94 -62.1738
1374.14 -116.307
1374.33 -91.7914
1374.53 -97.0013
1374.73 -157.58
1374.93 -244.967
1375.13 -211.779
1375.33 -387.619
1375.53 -663.785
1375.73 -785.021
1375.93 -842.277
1376.13 -1014.97
1376.33 -1243.16
1376.53 -1415.75
1376.73 -1921.25
1376.92 -2268.3
1377.12 -2106.9
1377.32 -2194.46
1377.52 -2149.55
1377.72 -2293.78
1377.92 -2404.65
1378.12 -2304.62
1378.32 -2172.1
1378.52 -1697.08
1378.72 -1550.71
1378.92 -1529.52
1379.12 -1253.17
1379.31 -986.105
1379.51 -711.315
1379.71 -549.325
1379.91 -429.07
1380.11 -338.731
1380.31 -352.798
1380.51 -156.624
1380.71 -171.633
1380.91 -104.283
1381.11 -85.7064
1381.31 -85.8504
1381.51 -44.5762
1381.7 -79.5843
1381.9 -45.0984
1382.1 -85.3561
1382.3 -132.412
1382.5 -67.8595
1382.7 -42.7563
1382.9 -123.619
1383.1 -202.945
1383.3 -130.437
1383.5 -122.397
1383.7 -149.416
1383.9 -222.435
1384.09 -283.346
1384.29 -243.741
1384.49 -403.255
1384.69 -387.668
1384.89 -420.824
1385.09 -412.658
1385.29 -404.327
1385.49 -396.006
1385.69 -387.754
1385.89 -445.091
1386.09 -306.505
1386.29 -283.116
1386.48 -229.08
1386.68 -199.65
1386.88 -215.097
1387.08 -185.983
1387.28 -198.998
1387.48 -104.067
1387.68 -181.376
1387.88 -54.8571
1388.08 -109.84
1388.28 -120.599
1388.48 -68.0293
1388.68 -28.6973
1388.87 -95.3835
1389.07 -45.7667
1389.27 -83.7915
1389.47 -40.445
1389.67 -13.579
1389.87 -35.1281
1390.07 -24.4235
1390.27 -67.3008
1396.64 -78.147
1396.84 -62.0115
1397.04 -35.0498
1397.24 -24.1653
1397.44 -67.5754
1397.64 -56.7121
1397.84 -90.0973
1398.04 -45.3486
1398.24 -73.8436
1398.43 -97.6949
1398.63 -42.7239
1398.83 -104.537
1399.03 -177.21
1399.23 -178.623
1399.43 -157.068
1399.63 -275.044
1399.83 -275.602
1400.03 -266.325
1400.23 -520.479
1400.43 -488.82
1400.63 -497.568
1400.83 -602.871
1401.02 -504.646
1401.22 -765.273
1401.42 -693.292
1401.62 -602.729
1401.82 -711.095
1402.02 -540.512
1402.22 -532.237
1402.42 -601.639
1402.62 -386.906
1402.82 -362.953
1403.02 -330.805
1403.22 -190.231
1403.41 -267.397
1403.61 -272.486
1403.81 -67.5944
1404.01 -97.0875
1404.21 -78.3343
1404.41 -78.9301
1404.61 -123.681
1404.81 -110.942
1405.01 -51.0566
1405.21 -192.175
1405.41 -128.537
1405.61 -214.893
1405.8 -267.539
1406 -354.845
1406.2 -566.041
1406.4 -549.735
1406.6 -702.653
1406.8 -691.654
1407 -870.335
1407.2 -1093.69
1407.4 -1063.63
1407.6 -1052.24
1407.8 -1273.66
1408 -1425.71
1408.19 -1324.24
1408.39 -1464.49
1408.59 -1401.91
1408.79 -927.006
1408.99 -966.645
1409.19 -738.954
1409.39 -602.14
1409.59 -514.471
1409.79 -565.546
1409.99 -314.104
1410.19 -314.622
1410.39 -259.669
1410.58 -200.01
1410.78 -177.419
1410.98 -104.546
1411.18 -91.8942
1411.38 -68.0531
1411.58 -62.2786
1411.78 -35.0784
1411.98 -51.1522
1412.18 -9.67282
1412.38 -86.6302
1412.58 -15.3668
1412.78 -45.69
1412.97 -45.6562
1456 -79.629
1456.2 -73.8326
1456.39 -39.2006
1456.59 -91.0975
1456.79 -102.563
1456.99 -10.6222
1457.19 -56.5784
1457.39 -39.4308
1457.59 -73.7405
1457.79 -73.7188
1457.99 -68.0107
1458.19 -50.9958
1458.39 -84.9244
1458.59 -79.2121
1458.78 -39.8831
1458.98 -101.392
1459.18 -23.3675
1459.38 -40.1248
1459.58 -56.7165
1459.78 -67.6606
1459.98 -45.7853
1460.18 -29.5329
1460.38 -62.052
1460.58 -67.4009
1460.78 -40.4872
1460.98 -51.2317
1461.18 -61.95
1461.37 -40.5103
1461.57 -51.2309
1461.77 -13.6526
1461.97 -56.6118
1462.17 -78.1611
1462.37 -8.09561
1462.57 -83.6435
1462.77 -83.6807
1462.97 -45.8305
1463.17 -40.4149
1463.37 -24.1735
1463.57 -56.6534
1463.76 -62.0584
1463.96 -67.4516
1464.16 -35.0484
1464.36 -94.3578
1464.56 -24.3291
1464.76 -67.3524
1464.96 -29.7784
1465.16 -35.1669
1465.36 -40.5354
1465.56 -35.2173
1465.76 -61.8538
1504.4 -97.4563
1504.6 -62.0898
1504.79 -50.225
1504.99 -91.7053
1505.19 -55.8697
1505.39 -85.8654
1505.59 -98.1622
1505.79 -85.642
1505.99 -117.405
1506.19 -170.678
1506.39 -164.734
1506.59 -149.978
1506.79 -252.463
1506.99 -345.867
1507.18 -257.6
1507.38 -412.593
1507.58 -567.149
1507.78 -620.973
1507.98 -684.238
1508.18 -936.344
1508.38 -918.573
1508.58 -1024.96
1508.78 -995.556
1508.98 -1103.66
1509.18 -1153.14
1509.38 -1261.82
1509.57 -995.411
1509.77 -1044.53
1509.97 -783.948
1510.17 -880.198
1510.37 -804.273
1510.57 -611.905
1510.77 -541.124
1510.97 -310.639
1511.17 -322.276
1511.37 -283.337
1511.57 -312.75
1511.77 -157.174
1511.96 -102.624
1512.16 -163.632
1512.36 -53.7154
1512.56 -147.207
1512.76 -20.2741
1512.96 -91.2996
1513.16 -96.5489
1513.36 -84.8175
1513.56 -62.2867
1513.76 -45.6742
1513.96 -84.1753
1514.16 -18.4118
1533.68 -67.9133
1533.87 -44.1297
1534.07 -103.593
1534.27 -67.9336
1534.47 -73.8746
1534.67 -115.518
1534.87 -103.677
1535.07 -37.9322
1535.27 -61.7692
1535.47 -91.9328
1535.67 -98.118
1535.87 -135.45
1536.07 -85.6232
1536.26 -123.765
1536.46 -91.2755
1536.66 -90.5953
1536.86 -150.877
1537.06 -199.451
1537.26 -150.576
1537.46 -229.156
1537.66 -171.264
1537.86 -156.036
1538.06 -319.363
1538.26 -192.493
1538.46 -237.462
1538.65 -199.933
1538.85 -304.704
1539.05 -244.767
1539.25 -171.055
1539.45 -272.875
1539.65 -164.612
1539.85 -150.757
1540.05 -95.8873
1540.25 -150.804
1540.45 -77.5056
1540.65 -84.7181
1540.85 -117.406
1541.04 -143.078
1541.24 -117.359
1541.44 -117.382
1541.64 -123.898
1541.84 -130.511
1542.04 -176.963
1542.24 -117.185
1542.44 -96.6099
1542.64 -185.135
1542.84 -95.7081
1543.04 -227.147
1543.24 -171.703
1543.43 -185.576
1543.63 -137.063
1543.83 -198.951
1544.03 -103.317
1544.23 -137.296
1544.43 -110.784
1544.63 -46.1741
1544.83 -85.5055
1545.03 -79.576
1545.23 -61.5611
1545.43 -61.9834
1545.63 -97.1483
1545.82 -107.972
1546.02 -62.3132
1546.22 -84.3024
1546.42 -51.2389
1546.62 -51.2368
1546.82 -40.5537
1547.02 -19.4458
1547.22 -30.1231
1547.42 -61.5722
1547.62 -30.2574
1547.82 -51.0509
1548.02 -56.1899
1548.21 -35.5344
1578.29 -70.8647
1578.49 -25.5591
1578.69 -15.4812
1578.89 -35.6211
1579.09 -65.9702
1579.29 -30.5108
1579.49 -35.5623
1579.68 -40.6788
1579.88 -82.7498
1580.08 -45.8633
1580.28 -23.7027
1580.48 -28.3688
1580.68 -79.7198
1580.88 -79.8162
1581.08 -104.488
1581.28 -123.886
1581.48 -103.82
1581.68 -143.992
1581.88 -185.975
1582.08 -178.62
1582.27 -155.614
1582.47 -245.008
1582.67 -290.875
1582.87 -252.448
1583.07 -267.865
1583.27 -190.178
1583.47 -391.719
1583.67 -275.585
1583.87 -351.184
1584.07 -274.726
1584.27 -207.755
1584.47 -121.816
1584.66 -143.942
1584.86 -117.153
1585.06 -123.902
1585.26 -104.482
1585.46 -91.8611
1585.66 -56.4699
1585.86 -79.0387
1586.06 -56.6283
1586.26 -9.32005
1586.46 -35.5982
1586.66 -40.6077
1586.86 -30.7337
1587.05 -64.4333
1587.25 -25.9906
1587.45 -16.5767
1587.65 -40.1069
1587.85 -16.7031
1588.05 -26.0462
1589.84 -0.0710043
1590.04 -35.6051
1590.24 -20.3909
1590.44 -25.4612
1590.64 -40.6793
1590.84 -25.4315
1591.04 -20.2987
1591.24 -61.1566
1591.44 -50.9814
1591.64 -35.49
1591.83 -93.0607
1592.03 -56.5081
1592.23 -110.538
1592.43 -62.1956
1592.63 -45.5256
1592.83 -73.7416
1593.03 -56.3774
1593.23 -79.8226
1593.43 -91.9428
1593.63 -85.8203
1593.83 -73.0911
1594.03 -104.546
1594.22 -143.122
1594.42 -175.748
1594.62 -97.9024
1594.82 -71.8644
1595.02 -78.4884
1595.22 -136.73
1595.42 -78.9971
1595.62 -66.6793
1595.82 -110.657
1596.02 -110.355
1596.22 -61.7506
1596.42 -38.2896
1596.61 -132.4
1596.81 -50.6795
1597.01 -50.7852
1597.21 -96.7796
1597.41 -73.817
1597.61 -126.125
1597.81 -68.0177
1598.01 -79.8177
1598.21 -61.7581
1598.41 -85.8693
1598.61 -85.8352
1598.81 -123.132
1599.01 -79.4256
1599.2 -73.0631
1599.4 -91.9357
1599.6 -85.6829
1599.8 -123.163
1600 -79.658
1600.2 -110.246
1600.4 -103.82
1600.6 -85.6647
1600.8 -33.4437
1601 -62.3268
1601.2 -40.1756
1601.4 -24.2929
1601.59 -19.5426
1601.79 -51.007
1601.99 -60.9271
1602.19 -50.5742
1602.39 -20.9022
1602.59 -11.3448
1602.79 -40.3611
1602.99 2.62003
1603.19 -35.4839
1603.39 -35.4539
1603.59 -63.6277
1603.79 -35.4074
1603.98 -26.0394
1604.18 -7.38027
1656.37 -44.3907
1656.57 -26.0505
1656.77 -12.2885
1656.97 -35.2562
1657.16 -21.4187
1657.36 -16.6791
1657.56 -49.756
1657.76 -16.1823
1657.96 -60.585
1658.16 -61.3283
1658.36 -13.6711
1658.56 -56.7102
1658.76 -27.0092
1658.96 -61.3291
1659.16 -91.7039
1659.36 -123.911
1659.55 -241.263
1659.75 -142.771
1659.95 -192.781
1660.15 -344.213
1660.35 -283.391
1660.55 -354.596
1660.75 -250.208
1660.95 -395.664
1661.15 -379.485
1661.35 -314.118
1661.55 -322.457
1661.75 -395.31
1661.94 -370.584
1662.14 -244.264
1662.34 -206.685
1662.54 -259.735
1662.74 -185.996
1662.94 -171.705
1663.14 -157.273
1663.34 -117.28
1663.54 -122.201
1663.74 -45.0807
1663.94 -45.809
1664.14 -35.5532
1664.34 -30.7418
1664.53 -39.9
1664.73 -17.1451
1664.93 -25.7179
1665.13 -9.0894
1665.33 -21.1766
1665.53 -5.47293
1665.73 2.03357
1665.93 -5.68822
1666.13 -28.0723
1679.07 -5.7759
1679.27 -0.376217
1679.47 -0.356869
1679.67 -0.332103
1679.87 -8.67166
1680.07 -3.08673
1680.27 -3.07726
1680.47 -3.05644
1680.67 -3.01582
1680.87 -9.23249
1681.07 0.451765
1681.27 -9.4615
1681.46 -23.8427
1681.66 -1.91299
1681.86 -9.273
1682.06 -8.95089
1682.26 -21.5472
1682.46 -21.4936
1682.66 -26.011
1682.86 -45.4138
1683.06 -50.7446
1683.26 -81.9831
1683.46 -40.6339
1683.66 -56.5394
1683.85 -56.6004
1684.05 -40.4779
1684.25 -61.9547
1684.45 -24.6229
1684.65 -24.9155
1684.85 -20.1078
1685.05 -40.6524
1685.25 -20.9701
1685.45 -40.1863
1685.65 -3.27732
1685.85 -25.9265
1686.05 -17.2677
1686.24 -25.2934
1686.44 -20.9748
1686.64 -13.1929
1686.84 8.46813
1687.04 -16.4632
1687.24 -12.8565
1687.44 -16.0899
1687.64 -2.79737
1687.84 -6.09245
1688.04 6.85555
1688.24 -6.09432
1688.44 -6.09437
1688.63 -15.758
1688.83 -2.86972
1724.69 -12.911
1724.88 -2.50239
1725.08 -2.34245
1725.28 -20.6024
1725.48 -36.5845
1725.68 -13.1379
1725.88 -17.1127
1726.08 -2.00564
1726.28 -40.6754
1726.48 -39.8167
1726.68 -55.4909
1726.88 -97.8367
1727.08 -164.766
1727.27 -266.902
1727.47 -345.825
1727.67 -404.042
1727.87 -557.082
1728.07 -602.875
1728.27 -547.661
1728.47 -757.931
1728.67 -746.595
1728.87 -1005.55
1729.07 -1162.62
1729.27 -1034.15
1729.47 -1083.47
1729.67 -1203.1
1729.86 -1103.55
1730.06 -1231.89
1730.26 -1093.32
1730.46 -908.98
1730.66 -767.062
1730.86 -647.578
1731.06 -451.56
1731.26 -592.294
1731.46 -495.248
1731.66 -306.929
1731.86 -304.866
1732.06 -164.734
1732.25 -137.18
1732.45 -67.4665
1732.65 -51.0248
1732.85 -25.1561
1733.05 -21.306
1733.25 -30.0943
1733.45 -17.1426
1733.65 -5.93102
1733.85 -12.6859
1734.05 -6.0738
1734.25 2.79757
1734.45 -5.90437
1759.54 1.84296
1759.74 -5.97595
1759.94 -9.48716
1760.14 -21.4006
1760.34 -54.8218
1760.54 -1.59111
1760.74 -116.845
1760.94 -130.215
1761.13 -282.796
1761.33 -387.704
1761.53 -629.041
1761.73 -832.781
1761.93 -1093.77
1762.13 -1582.15
1762.33 -1987.24
1762.53 -2122.89
1762.73 -2923.17
1762.93 -3861.54
1763.13 -4831.05
1763.33 -5376.39
1763.52 -6272.03
1763.72 -7235.79
1763.92 -7236.23
1764.12 -7942.07
1764.32 -8218.6
1764.52 -8152.6
1764.72 -8534.75
1764.92 -7483.1
1765.12 -7249.7
1765.32 -6977.12
1765.52 -6347.35
1765.72 -5189.7
1765.92 -4403.3
1766.11 -3635.82
1766.31 -2913.42
1766.51 -2583.18
1766.71 -1868.62
1766.91 -1426.67
1767.11 -1025.06
1767.31 -887.035
1767.51 -385.084
1767.71 -290.474
1767.91 -244.835
1768.11 -137.266
1768.31 -61.171
1768.5 -89.9569
1768.7 -30.6919
1768.9 -8.33538
1769.1 -29.0154
1769.3 -2.34602
1833.44 2.27409
1833.63 -3.0837
1833.83 -0.376991
1834.03 -0.351795
1834.23 -5.86771
1834.43 -14.42
1834.63 -0.162076
1834.83 2.98502
1835.03 -18.6246
1835.23 7.06656
1835.43 -9.4821
1835.63 -13.1636
1835.83 -24.9435
1836.02 -21.4086
1836.22 -21.5497
1836.42 -21.4246
1836.62 -59.9138
1836.82 -45.7671
1837.02 -30.0234
1837.22 -78.5939
1837.42 -51.0621
1837.62 -50.7677
1837.82 -79.7479
1838.02 -56.0802
1838.22 -55.9387
1838.41 -37.9727
1838.61 -91.7319
1838.81 -67.99
1839.01 -56.4274
1839.21 -56.6324
1839.41 -95.5597
1839.61 -56.6121
1839.81 -25.1355
1840.01 -15.7704
1840.21 -40.2181
1840.41 -44.0118
1840.61 -59.7908
1840.8 -9.20252
1841 9.48138
1841.2 -20.216
1841.4 -9.44262
1841.6 3.57094
1841.8 -2.98285
1842 -6.03363
1842.2 -14.786
1842.4 -5.9744
1842.6 -0.163374
1842.8 -6.01175
1843 0.0406242
1843.2 -6.09375
1843.39 -2.65306
1843.59 -9.49207
1843.79 -1.29867
1843.99 -12.8627
1844.19 -7.04874
1844.39 -61.3272
1844.59 -62.3054
1844.79 -13.6044
1844.99 -110.944
1845.19 -178.253
1845.39 -229.279
1845.59 -199.631
1845.78 -362.089
1845.98 -387.645
1846.18 -429.428
1846.38 -463.098
1846.58 -479.413
1846.78 -620.963
1846.98 -629.895
1847.18 -584.01
1847.38 -812.454
1847.58 -766.625
1847.78 -675.232
1847.98 -557.886
1848.17 -585.251
1848.37 -637.105
1848.57 -591.275
1848.77 -304.737
1848.97 -362.932
1849.17 -221.511
1849.37 -207.706
1849.57 -164.753
1849.77 -150.553
1849.97 -110.712
1850.17 -85.5036
1850.37 -35.0709
1850.56 -30.6744
1850.76 -7.83401
1850.96 -4.75948
1851.16 -13.2358
1851.36 -13.0339
1851.56 -2.78848
1851.76 -9.19401
1851.96 2.90638
1852.16 -3.07856
1852.36 -17.1615
1868.29 -0.455
1868.49 -0.438421
1868.69 2.24337
1868.89 -3.08439
1869.09 2.38557
1869.29 -14.2533
1869.49 -5.94094
1869.69 -8.94401
1869.88 -3.01348
1870.08 -9.25647
1870.28 -2.77669
1870.48 -6.01319
1870.68 -9.49538
1870.88 -24.7369
1871.08 -13.2093
1871.28 -21.4871
1871.48 -21.5489
1871.68 -7.65036
1871.88 -25.982
1872.08 -35.6309
1872.27 -40.6698
1872.47 -25.2009
1872.67 -45.8897
1872.87 -35.2889
1873.07 -93.8628
1873.27 -61.8823
1873.47 -56.5064
1873.67 -77.4288
1873.87 -9.60739
1874.07 -66.0698
1874.27 -5.90327
1874.47 -11.4928
1874.66 -21.3847
1874.86 -17.0336
1875.06 -17.216
1875.26 -25.5735
1875.46 -5.25681
1875.66 -9.40643
1875.86 -13.173
1876.06 1.19755
1876.26 -9.4798
1876.46 -16.2017
1876.66 0.550557
1876.86 -6.09113
1877.05 -15.8058
1877.25 -6.09437
1877.45 -12.5044
1877.65 0.307041
1877.85 -6.09397
1878.05 -6.09413
2113.67 3.11602
2113.87 2.31327
2114.07 0.0313154
2114.26 -0.223958
2114.46 1.29903
2114.66 -2.6907
2114.86 -0.51894
2115.06 -5.99325
2115.26 -2.69139
2115.46 -24.707
2115.66 -12.9738
2115.86 -49.5586
2116.06 -30.4421
2116.26 -73.269
2116.46 -103.303
2116.65 -79.5575
2116.85 -65.211
2117.05 -103.274
2117.25 -178.831
2117.45 -193.203
2117.65 -215.095
2117.85 -222.348
2118.05 -321.463
2118.25 -321.941
2118.45 -236.892
2118.65 -229.18
2118.85 -298.718
2119.04 -122.992
2119.24 -192.394
2119.44 -237.199
2119.64 -279.362
2119.84 -143.872
2120.04 -177.573
2120.24 -110.943
2120.44 -122.532
2120.64 -39.2369
2120.84 -45.8518
2121.04 -50.5878
2121.24 -48.8365
2121.43 -4.92254
2121.63 -5.83151
2121.83 -12.5013
2122.03 -0.335589
2122.23 4.07148
2122.43 3.31798
2122.63 4.40107
2122.83 1.23307
2123.03 0.24753
2123.23 0.508196
2123.43 2.14346
2199.11 1.22777
2199.31 1.29592
2199.5 3.81745
2199.7 5.08015
2199.9 -2.80764
2200.1 -13.2414
2200.3 -30.4482
2200.5 -65.8468
2200.7 -62.3145
2200.9 -67.3765
2201.1 -157.323
2201.3 -221.892
2201.5 -229.669
2201.7 -411.494
2201.89 -370.049
2202.09 -470.302
2202.29 -748.503
2202.49 -804.521
2202.69 -976.375
2202.89 -1332.42
2203.09 -1020.02
2203.29 -1519.43
2203.49 -1394.8
2203.69 -1739.91
2203.89 -1708.68
2204.09 -1444.59
2204.28 -1424
2204.48 -1624.35
2204.68 -1623.76
2204.88 -1426.69
2205.08 -1314.04
2205.28 -1172.93
2205.48 -889.45
2205.68 -682.634
2205.88 -884.185
2206.08 -654.806
2206.28 -395.92
2206.48 -410.403
2206.67 -169.76
2206.87 -256.395
2207.07 -104.319
2207.27 -91.8615
2207.47 -56.6966
2207.67 -50.2904
2207.87 -21.5323
2208.07 5.39679
2208.27 -2.94594
2208.47 -8.24138
2208.67 -0.582766
2208.87 -0.383151
2288.53 0.799189
2288.73 0.87456
2288.93 0.983264
2289.12 6.78436
2289.32 2.13595
2289.52 1.64027
2289.72 2.02675
2289.92 2.53145
2290.12 1.32582
2290.32 -2.91002
2290.52 -0.493106
2290.72 3.91418
2290.92 -0.418422
2291.12 -3.01419
2291.32 -2.65484
2291.51 -13.1952
2291.71 -41.3575
2291.91 -30.0932
2292.11 -44.099
2292.31 -30.7362
2292.51 -50.2567
2292.71 -20.5949
2292.91 -50.9079
2293.11 -30.3344
2293.31 -51.078
2293.51 -14.6778
2293.7 -40.6857
2293.9 -55.9457
2294.1 -55.5609
2294.3 -74.311
2294.5 -2.71142
2294.7 -8.16429
2294.9 -4.60814
2295.1 6.49333
2295.3 -9.49586
2295.5 0.532617
2295.7 -0.113718
2295.9 -0.48874
2296.09 1.55429
2296.29 2.99475
2296.49 2.49949
2296.69 2.18909
2296.89 2.0342
2297.09 1.9207
2297.29 2.05672
2297.49 1.29184
2297.69 2.29983
2297.89 2.43494
2298.09 0.854026
2298.29 0.785267
2442.86 0.777338
2443.06 1.16068
2443.26 1.70424
2443.46 1.21697
2443.66 2.37797
2443.86 -0.471272
2444.06 1.86185
2444.26 -15.0924
2444.46 -13.0831
2444.66 -29.6097
2444.86 -35.2769
2445.05 -55.9121
2445.25 -12.6501
2445.45 -115.227
2445.65 -91.9635
2445.85 -150.371
2446.05 -171.587
2446.25 -207.485
2446.45 -200.338
2446.65 -252.588
2446.85 -221.441
2447.05 -354.133
2447.24 -314.844
2447.44 -298.712
2447.64 -330.79
2447.84 -371.008
2448.04 -370.812
2448.24 -243.507
2448.44 -189.561
2448.64 -260.231
2448.84 -289.965
2449.04 -215.037
2449.24 -178.841
2449.44 -116.977
2449.63 -117.402
2449.83 -104.219
2450.03 -33.6039
2450.23 -40.5552
2450.43 -60.0386
2450.63 -8.33144
2450.83 -32.7133
2451.03 -2.72435
2451.23 2.44843
2451.43 3.72286
2451.63 4.256
2451.83 3.02956
2452.02 2.12072
2452.22 2.08946
2452.42 0.988367
2452.62 0.658105
