48.0397 -1123.29
48.2387 -1242.99
48.4378 -1073.51
48.6369 -1362.48
48.836 -1023.76
49.0351 -1282.73
49.2341 -1103.46
49.4332 -1292.67
49.6323 -1113.42
49.8314 -1023.8
50.0305 -1143.29
50.2295 -1093.5
50.4286 -944.111
50.6277 -1123.37
50.8268 -1242.93
51.0259 -1292.83
51.225 -1213.11
51.424 -1203.17
51.6231 -1223.24
51.8222 -1172.97
52.0213 -1404.97
52.2204 -1496.92
52.4194 -1446.78
52.6185 -1467.65
52.8176 -1354.72
53.0167 -1313.32
53.2158 -1509.24
53.4148 -1334.04
53.6139 -1344.56
53.813 -1365.18
54.0121 -1080.23
54.2112 -1435.61
54.4103 -1535.56
54.6093 -1102.82
54.8084 -1043.08
55.0075 -963.499
55.2066 -1302.81
55.4057 -924.109
55.6047 -1173.17
55.8038 -1252.8
56.0029 -1163.21
56.202 -1183.11
56.4011 -1073.63
56.6001 -1382.15
56.7992 -1183.11
56.9983 -1013.93
75.1147 -1518.85
75.3138 -1740.38
75.5129 -1539.53
75.7119 -2089.98
75.911 -1740.53
76.1101 -1528.12
76.3092 -1963.89
76.5083 -1836.35
76.7074 -1921.81
76.9064 -1718.82
77.1055 -1782.8
77.3046 -2084.09
77.5037 -2160.88
77.7028 -2030.09
77.9018 -2360.43
78.1009 -2776.55
78.3 -2703.35
78.4991 -3409.04
78.6982 -4169.38
78.8972 -6055.35
79.0963 -6925.06
79.2954 -9282.51
79.4945 -11099.5
79.6936 -15038.5
79.8927 -17990.2
80.0917 -21147.9
80.2908 -25611.6
80.4899 -28341.4
80.689 -29447
80.8881 -31936.7
81.0871 -28264.9
81.2862 -26723
81.4853 -23398.9
81.6844 -19423
81.8835 -14642.6
82.0825 -11003.1
82.2816 -7876.1
82.4807 -5088.22
82.6798 -3932.34
82.8789 -2640.12
83.078 -1783.08
83.277 -1324.33
83.4761 -1202.77
83.6752 -1161.42
83.8743 -1072.94
84.0734 -947.417
84.2724 -812.834
84.4715 -1024.35
84.6706 -1043.69
84.8697 -957.069
85.0688 -850.901
85.2678 -947.41
85.4669 -986.1
85.666 -782.571
85.8651 -859.943
86.0642 -986.113
86.2633 -1112.61
86.4623 -1005.56
86.6614 -1015.3
86.8605 -1015.29
87.0596 -976.131
87.2587 -1171.97
87.4577 -1044.62
87.6568 -966.027
87.8559 -1162.58
155.743 -3576.74
155.942 -3529.41
156.141 -3434.76
156.34 -3683.32
156.539 -3541.37
156.738 -3163.02
156.937 -3766.01
157.136 -3706.88
157.335 -3317.04
157.534 -4084.69
157.733 -4084.56
157.933 -3270.03
158.132 -3671.35
158.331 -3860.28
158.53 -3825.02
158.729 -3387.55
158.928 -3920.44
159.127 -3944.77
159.326 -3575.19
159.525 -4268.95
159.724 -4281.92
159.923 -4040
160.122 -4731.67
160.321 -4549.48
160.521 -4231.95
160.72 -4476.23
160.919 -4646.9
161.118 -3954.32
161.317 -4741.09
161.516 -3824.93
161.715 -3957.19
161.914 -4015.9
162.113 -4026.26
162.312 -3506.2
162.511 -2977.47
162.71 -3494.35
162.91 -3423.97
163.109 -3201.68
163.308 -3377.11
163.507 -3120.1
163.706 -3423.76
163.905 -3225.31
218.254 -1302.28
218.453 -1488.71
218.652 -1405.93
218.851 -1633.47
219.05 -1478.35
219.25 -1488.67
219.449 -1240.84
219.648 -1179.03
219.847 -1210.11
220.046 -1715.4
220.245 -1375.2
220.444 -1416.43
220.643 -1921.26
220.842 -1406.12
221.041 -1333.87
221.24 -1654.03
221.439 -1592.36
221.639 -1478.21
221.838 -1414.96
222.037 -1792.92
222.236 -1899.78
222.435 -2029
222.634 -1857.8
222.833 -1868.16
223.032 -2030.64
223.231 -1726.2
223.43 -2302.03
223.629 -2019.66
223.828 -1739.68
224.027 -1591.14
224.227 -1814.46
224.426 -1708.21
224.625 -1530.25
224.824 -1529.96
225.023 -1108.37
225.222 -1446.98
225.421 -1293.79
225.62 -1497.27
225.819 -1466.52
226.018 -1212.77
226.217 -1304.04
226.416 -1334.41
226.616 -1334.37
226.815 -1152.32
227.014 -1303.98
227.213 -1112.06
227.412 -1142.43
227.611 -1283.72
227.81 -1142.57
228.009 -1545.63
228.208 -1052.07
237.167 -1152.64
237.366 -907.224
237.565 -975.982
237.764 -1083.81
237.963 -1240.39
238.162 -1152.2
238.361 -888.253
238.56 -1083.64
238.759 -849.466
238.959 -995.808
239.158 -1122.42
239.357 -966.639
239.556 -976.389
239.755 -995.83
239.954 -957.006
240.153 -908.544
240.352 -957.045
240.551 -1131.33
240.75 -976.418
240.949 -1053.75
241.148 -928.095
241.348 -860.536
241.547 -850.957
241.746 -1063.1
241.945 -1197.83
242.144 -908.932
242.343 -803.227
242.542 -774.562
242.741 -995.301
242.94 -880.262
243.139 -1014.23
243.338 -698.76
243.537 -794.434
243.737 -975.686
243.936 -775.589
244.135 -937.426
244.334 -984.874
244.533 -908.802
244.732 -823.398
244.931 -671.848
245.13 -861.315
245.329 -814.027
245.528 -955.72
245.727 -832.944
245.926 -672.721
246.126 -955.32
246.325 -814.105
246.524 -776.527
246.723 -879.788
246.922 -823.46
273.001 -497.112
273.201 -488.234
273.4 -638.262
273.599 -665.469
273.798 -548.438
273.997 -767.304
274.196 -947.38
274.395 -1223.24
274.594 -1687.47
274.793 -2094.98
274.992 -3074.73
275.191 -4692.93
275.39 -5401.25
275.59 -6745.3
275.789 -8403.6
275.988 -9107.55
276.187 -10784
276.386 -11426.5
276.585 -10730.2
276.784 -9307.83
276.983 -8575.71
277.182 -6897.94
277.381 -6005.27
277.58 -4671.71
277.779 -3753.21
277.979 -2494.26
278.178 -1825.78
278.377 -1222.68
278.576 -1286.27
278.775 -683.89
278.974 -504.744
279.173 -549.745
279.372 -369.364
279.571 -429.418
279.77 -395.926
279.969 -495.918
280.168 -503.877
280.367 -396.032
280.567 -429.032
280.766 -387.759
280.965 -428.841
281.164 -305.699
281.363 -412.251
281.562 -436.671
281.761 -338.691
281.96 -338.736
282.159 -298.179
282.358 -257.783
290.322 -290.705
290.521 -258.623
290.72 -330.806
290.919 -411.015
291.118 -346.848
291.317 -322.785
291.516 -322.784
291.715 -386.959
291.914 -298.717
292.113 -322.783
292.312 -338.829
292.511 -330.806
292.711 -226.481
292.91 -386.991
293.109 -354.891
293.308 -330.802
293.507 -306.685
293.706 -298.614
293.905 -403.266
294.104 -411.406
294.303 -443.792
294.502 -346.908
294.701 -322.625
294.9 -290.196
295.099 -403.641
295.299 -290.159
295.498 -363.11
295.697 -379.294
295.896 -225.582
296.095 -443.849
296.294 -346.903
296.493 -266.311
296.692 -306.638
296.891 -395.144
297.09 -314.722
297.289 -338.836
297.488 -362.933
297.688 -411.115
297.887 -298.681
298.086 -330.803
298.285 -370.955
298.484 -298.679
298.683 -314.737
298.882 -202.209
299.081 -354.933
299.28 -371.112
299.479 -387.482
299.678 -395.955
299.877 -513.368
300.077 -549.722
300.276 -702.63
300.475 -840.273
300.674 -1509.45
300.873 -2638.8
301.072 -3540.92
301.271 -6041.42
301.47 -8416.59
301.669 -11305.6
301.868 -15170.5
302.067 -18778.3
302.266 -22186.6
302.465 -24961
302.665 -26917.8
302.864 -29017.1
303.063 -28387.5
303.262 -25811.4
303.461 -22948.8
303.66 -18618.2
303.859 -14460.3
304.058 -11250
304.257 -8295.18
304.456 -5848.85
304.655 -3271.65
304.854 -2260.31
305.054 -1263.21
305.253 -738.283
305.452 -664.636
305.651 -337.685
305.85 -322.809
306.049 -298.951
306.248 -221.938
306.447 -252.597
306.646 -214.739
306.845 -290.313
307.044 -252.543
307.243 -222.391
307.443 -214.872
307.642 -244.988
307.841 -177.3
308.04 -139.758
308.239 -297.55
308.438 -297.512
308.637 -222.455
308.836 -214.965
309.035 -252.438
309.234 -267.4
309.433 -200.032
309.632 -155.184
309.832 -200.071
310.031 -282.243
310.23 -192.644
310.429 -319.469
310.628 -237.414
310.827 -229.957
347.06 -200.18
347.259 -267.04
347.458 -185.511
347.657 -281.495
347.856 -163.632
348.055 -229.748
348.254 -185.834
348.453 -149.473
348.652 -214.975
348.851 -185.968
349.051 -214.857
349.25 -236.388
349.449 -207.56
349.648 -193.188
349.847 -142.955
350.046 -214.767
350.245 -157.123
350.444 -200.454
350.643 -229.705
350.842 -148.671
351.041 -222.507
351.24 -229.946
351.439 -282.866
351.639 -237.384
351.838 -138.24
352.037 -260.222
352.236 -397.455
352.435 -290.875
352.634 -252.216
352.833 -355.01
353.032 -462.952
353.231 -691.42
353.43 -1902.46
353.629 -2561.49
353.828 -4818.7
354.028 -7836.9
354.227 -13108.6
354.426 -19952
354.625 -28293.8
354.824 -42260.2
355.023 -54237.8
355.222 -67092.9
355.421 -81312.4
355.62 -90846.3
355.819 -96751.4
356.018 -100116
356.217 -101184
356.417 -92080.7
356.616 -81963.4
356.815 -68120.3
357.014 -52610.6
357.213 -40583.5
357.412 -28694.9
357.611 -19555.1
357.81 -12230.6
358.009 -7131.22
358.208 -4257.8
358.407 -2160.17
358.606 -1072.43
358.805 -585.178
359.005 -283.369
359.204 -157.654
359.403 -97.5401
359.602 -61.7123
359.801 -11.2321
360 -30.7059
360.199 -26.0461
360.398 -62.0809
360.597 -30.4931
360.796 -39.3915
360.995 -25.993
361.194 0.646076
361.394 -12.6934
361.593 -25.965
361.792 -21.5498
361.991 0.418638
362.19 -34.6973
362.389 -17.1776
362.588 -12.8276
362.787 -38.9392
362.986 -8.53173
363.185 -4.23769
363.384 -43.1048
363.583 -12.9269
363.783 -30.1069
363.982 -21.5204
364.181 -4.44732
364.38 -34.2713
364.579 -4.52871
364.778 -4.56886
364.977 -17.2639
365.176 -17.2666
365.375 -8.88093
365.574 -0.544305
365.773 -0.59505
365.972 -29.7402
366.172 -0.695597
366.371 -9.00746
366.57 -13.1496
366.769 -37.7921
366.968 -9.07756
367.167 -25.4172
367.366 -17.2541
367.565 -25.3549
367.764 -17.2432
367.963 -33.3416
383.89 -9955.99
384.089 -9349.27
384.288 -8935.07
384.487 -7876.18
384.686 -6361.3
384.885 -5016.26
385.084 -3944.69
385.283 -2515.99
385.482 -2007.59
385.681 -1093.15
385.881 -748.754
578.193 1.52546
578.392 2.60884
578.591 1.52551
578.79 2.06712
578.989 1.52576
579.188 1.52613
579.388 1.5269
579.587 2.06624
579.786 2.06536
579.985 2.06376
580.184 1.5457
580.383 1.56099
580.582 2.51459
580.781 2.04077
580.98 2.02915
581.179 2.01646
581.378 1.85642
581.577 2.00005
581.776 2.14222
581.976 2.32009
582.175 2.05584
582.374 2.09993
582.573 2.87424
582.772 0.552148
582.971 0.462394
583.17 2.23951
583.369 3.11885
583.568 1.36693
583.767 2.15706
583.966 0.861328
584.165 2.06267
584.365 1.70343
584.564 2.17162
584.763 1.98854
584.962 2.1305
585.161 2.01425
585.36 2.36386
585.559 2.446
585.758 2.04848
585.957 2.05556
586.156 2.06033
586.355 1.53801
586.554 2.59806
586.754 2.0661
586.953 1.52715
587.152 1.52626
587.351 1.52582
587.55 2.06711
587.749 2.06714
587.948 2.06716
588.147 2.06716
604.472 1.4768
604.671 2.10666
604.87 2.1008
605.069 1.50824
605.268 0.375127
605.467 2.64358
605.666 2.62992
605.865 2.08098
606.064 2.08301
606.263 2.09079
606.463 2.10852
606.662 0.71771
606.861 2.20894
607.06 2.32483
607.259 -0.0553638
607.458 2.82708
607.657 -0.530071
607.856 -5.06783
608.055 -5.61606
608.254 2.6616
608.453 -6.08647
608.652 -22.8695
608.852 -20.0811
609.051 1.41832
609.25 -9.48457
609.449 -13.1632
609.648 -9.50073
609.847 4.37244
610.046 -6.09135
610.245 -6.04569
610.444 -3.08764
610.643 -0.564936
610.842 1.45029
611.041 1.26176
611.241 2.50711
611.44 3.18377
611.639 2.11
611.838 1.65827
612.037 2.00905
612.236 2.04495
612.435 1.9428
612.634 1.87305
612.833 2.37758
613.032 2.0123
613.231 1.75597
613.43 2.02014
613.629 1.70483
613.829 2.37569
614.028 2.03304
614.227 2.44065
656.83 1.42394
657.029 1.42419
657.228 2.10306
657.427 3.45584
657.626 2.10157
657.826 1.43339
658.025 1.44293
658.224 3.34664
658.423 2.66459
658.622 2.06129
658.821 2.03875
659.02 2.01459
659.219 2.05438
659.418 2.01658
659.617 2.09376
659.816 2.2653
660.015 1.22895
660.215 -5.55192
660.414 -6.77495
660.613 -2.95114
660.812 -0.414079
661.011 -3.07622
661.21 6.17225
661.409 -9.25847
661.608 -6.09435
661.807 -15.6882
662.006 0.157689
662.205 -0.064134
662.404 2.47843
662.603 -0.501614
662.803 -5.06477
663.002 -0.53014
663.201 2.78903
663.4 2.4354
663.599 3.05892
663.798 2.08439
663.997 2.34933
664.196 2.16934
664.395 1.92924
664.594 2.00032
664.793 1.93199
664.992 2.04868
665.192 2.06348
665.391 1.86735
665.59 2.05598
665.789 2.02518
665.988 1.9769
666.187 2.08877
666.386 2.00637
666.585 2.74178
666.784 1.70098
666.983 2.0376
667.182 1.58168
667.381 1.53663
667.581 1.50155
667.78 1.47545
667.979 1.45689
668.178 1.44423
668.377 1.43596
668.576 2.10064
668.775 1.42765
668.974 1.42584
669.173 2.78121
669.372 1.42429
669.571 1.42402
669.77 1.42388
669.969 1.42381
670.169 2.10344
670.368 2.78313
1115.31 0.519617
1115.51 0.520102
1115.71 3.21123
1115.91 0.522732
1116.11 0.525786
1116.31 0.53109
1116.51 0.540018
1116.71 0.554586
1116.91 0.577619
1117.11 0.612892
1117.31 2.86684
1117.5 2.72807
1117.7 0.844442
1117.9 2.40233
1118.1 1.16529
1118.3 1.39154
1118.5 2.03189
1118.7 2.00011
1118.9 1.72069
1119.1 2.69726
1119.3 2.21235
1119.49 0.202114
1119.69 2.48077
1119.89 -1.50707
1120.09 -5.98343
1120.29 -0.237228
1120.49 2.67275
1120.69 2.59728
1120.89 3.73093
1121.09 2.34992
1121.29 1.35351
1121.49 2.70745
1121.68 2.33813
1121.88 1.98872
1122.08 2.03003
1122.28 1.39989
1122.48 1.1725
1122.68 3.80206
1122.88 0.849304
1123.08 2.72164
1123.28 0.668058
1123.48 2.9736
1123.68 3.05796
1123.87 0.555598
1124.07 0.540689
1124.27 3.18184
1124.47 0.526054
1124.67 0.522893
1124.87 3.21096
1125.07 0.520156
1125.27 0.519646
1150.35 0.530781
1150.55 0.530778
1150.75 3.18391
1150.95 0.530766
1151.15 0.530753
1151.35 3.18403
1151.55 0.530692
1151.75 0.530633
1151.95 3.18455
1152.14 0.530405
1152.34 0.530208
1152.54 3.18623
1152.74 0.529563
1152.94 0.529078
1153.14 3.19031
1153.34 0.527726
1153.54 0.526858
1153.74 3.19753
1153.94 0.524836
1154.14 3.20348
1154.33 0.522731
1154.53 0.521801
1154.73 0.52104
1154.93 0.520507
1155.13 0.520245
1155.33 0.520276
1155.53 3.21245
1155.73 3.2108
1155.93 0.521979
1156.13 0.522935
1156.33 0.523981
1156.52 0.52505
1156.72 0.526085
1156.92 3.1943
1157.12 0.527881
1157.32 0.528596
1157.52 0.529181
1157.72 0.529641
1157.92 0.529992
1158.12 3.18536
1158.32 0.530434
1158.51 3.1845
1158.71 0.530645
1158.91 0.5307
1159.11 0.530734
1159.31 0.530755
1159.51 0.530768
1159.71 0.530775
1159.91 3.18389
1160.11 0.530781
1168.27 0.723039
1168.47 0.723608
1168.67 2.75504
1168.87 2.75167
1169.07 0.729968
1169.27 0.735727
1169.46 0.745253
1169.66 2.69429
1169.86 2.6565
1170.06 2.60294
1170.26 2.53149
1170.46 0.946701
1170.66 2.34033
1170.86 1.18268
1171.06 1.35473
1171.26 2.54259
1171.46 2.00861
1171.65 1.57677
1171.85 2.42685
1172.05 2.11566
1172.25 1.34993
1172.45 1.27775
1172.65 0.031355
1172.85 1.22965
1173.05 3.99292
1173.25 -1.57477
1173.45 3.97539
1173.65 2.53255
1173.84 2.43221
1174.04 1.2883
1174.24 2.19845
1174.44 2.09872
1174.64 2.36537
1174.84 2.05281
1175.04 2.01431
1175.24 3.15164
1175.44 2.15078
1175.64 1.15587
1175.83 2.35909
1176.03 2.45922
1176.23 0.862158
1176.43 0.813081
1176.63 0.779639
1176.83 0.757553
1177.03 2.72272
1177.23 0.734624
1177.43 0.72933
1177.63 0.726233
1177.83 0.724475
1178.02 0.723506
1178.22 0.722987
1276.17 0.297203
1276.37 4.10965
1276.57 0.297456
1276.77 0.297735
1276.97 0.2982
1277.17 4.10019
1277.37 0.30014
1277.57 0.301954
1277.76 4.06814
1277.96 0.308526
1278.16 0.313944
1278.36 0.32128
1278.56 0.330899
1278.76 0.343107
1278.96 0.358083
1279.16 3.71942
1279.36 0.396045
1279.56 0.418216
1279.76 0.441474
1279.95 0.464695
1280.15 3.31364
1280.35 0.505678
1280.55 0.52072
1280.75 0.53058
1280.95 0.534505
1281.15 3.18
1281.35 0.523814
1281.55 3.2429
1281.75 0.491862
1281.95 0.470595
1282.14 0.447618
1282.34 0.424278
1282.54 0.401755
1282.74 3.69731
1282.94 0.362569
1283.14 0.34687
1283.34 0.33395
1283.54 0.323673
1283.74 0.315763
1283.94 4.03939
1284.14 0.305605
1284.33 0.302618
1284.53 0.300587
1284.73 0.299246
1284.93 0.298386
1285.13 0.29785
1285.33 0.297525
1285.53 0.297335
1285.73 0.297225
1285.93 0.297165
1327.53 0.494778
1327.73 0.49539
1327.93 3.2832
1328.13 3.2775
1328.33 0.501542
1328.53 0.506743
1328.73 0.515021
1328.93 0.527825
1329.13 0.547064
1329.33 8.05286
1329.53 2.97375
1329.72 2.85806
1329.92 0.742476
1330.12 0.836614
1330.32 2.43412
1330.52 1.09665
1330.72 1.26278
1330.92 2.09332
1331.12 1.65143
1331.32 2.00514
1331.52 2.00103
1331.72 2.01493
1331.91 1.65992
1332.11 2.53944
1332.31 2.61482
1332.51 1.53113
1332.71 1.54856
1332.91 2.05738
1333.11 1.67989
1333.31 1.80415
1333.51 2.00015
1333.71 2.0088
1333.91 1.61043
1334.1 2.10859
1334.3 2.20326
1334.5 1.06704
1334.7 0.929739
1334.9 2.60767
1335.1 2.7506
1335.3 0.658136
1335.5 0.606596
1335.7 0.569285
1335.9 0.543068
1336.1 0.52518
1336.29 0.513323
1336.49 0.505685
1336.69 0.500902
1336.89 0.49799
1337.09 0.496265
1337.29 0.495272
1337.49 0.494715
1396.62 0.282866
1396.82 0.283128
1397.01 0.283583
1397.21 4.18573
1397.41 0.285614
1397.61 0.287632
1397.81 0.290771
1398.01 0.295518
1398.21 0.302496
1398.41 0.312467
1398.61 0.326305
1398.81 0.344951
1399.01 0.369327
1399.2 6.83574
1399.4 3.47483
1399.6 0.483185
1399.8 0.53482
1400 3.02713
1400.2 2.89296
1400.4 0.713724
1400.6 2.67461
1400.8 0.826067
1401 0.870192
1401.19 2.49442
1401.39 0.919586
1401.59 0.921288
1401.79 0.907112
1401.99 0.878113
1402.19 0.836398
1402.39 2.65563
1402.59 0.726926
1402.79 0.666062
1402.99 0.605603
1403.19 3.13612
1403.38 3.28208
1403.58 0.452568
1403.78 0.416778
1403.98 0.39032
1404.18 0.373907
1404.38 0.368358
1404.58 0.374809
1404.78 0.394861
1404.98 3.50192
1405.18 0.4847
1405.38 3.10629
1405.57 0.658791
1405.77 0.78355
1405.97 0.934997
1406.17 2.28581
1406.37 1.31198
1406.57 2.06622
1406.77 2.01659
1406.97 1.97582
1407.17 2.1837
1407.37 0.691057
1407.57 1.60411
1407.76 2.59766
1407.96 0.431304
1408.16 1.01062
1408.36 1.58823
1408.56 2.40238
1408.76 2.23036
1408.96 2.02806
1409.16 1.80811
1409.36 1.58295
1409.56 1.36364
1409.76 2.25009
1409.95 0.975746
1410.15 0.817205
1410.35 0.684749
1410.55 0.577644
1410.75 0.493722
1410.95 0.429941
1411.15 3.68921
1411.35 0.349174
1411.55 0.325698
1411.75 0.309806
1411.95 0.299344
1412.14 4.13654
1412.34 0.288467
1412.54 0.285934
1412.74 0.284438
1412.94 0.283578
1455.94 0.5608
1456.14 3.09041
1456.34 0.575089
1456.54 5.47286
1456.74 0.614229
1456.94 2.8931
1457.14 0.710617
1457.34 0.797555
1457.53 2.46882
1457.73 2.29455
1457.93 2.93209
1458.13 2.75393
1458.33 2.0883
1458.53 2.07844
1458.73 0.335487
1458.93 -5.70856
1459.13 3.08041
1459.33 -9.08556
1459.53 1.8907
1459.72 -8.50448
1459.92 8.68832
1460.12 -2.96097
1460.32 -15.874
1460.52 -6.07123
1460.72 -2.65222
1460.92 -2.65226
1461.12 -9.42463
1461.32 0.428904
1461.52 -9.20459
1461.72 -3.0623
1461.91 2.33239
1462.11 -5.42244
1462.31 1.53774
1462.51 -0.466837
1462.71 2.61713
1462.91 2.28177
1463.11 2.07978
1463.31 2.09382
1463.51 1.67435
1463.71 1.34951
1463.91 1.10525
1464.1 0.926809
1464.3 0.800078
1464.5 0.712543
1464.7 0.653719
1464.9 0.615245
1465.1 0.590748
1465.3 0.57556
1465.5 0.566388
1465.7 0.560993
1724.7 0.0256628
1724.9 0.0259586
1725.1 0.0264357
1725.3 0.0271867
1725.5 0.028341
1725.7 0.0300721
1725.9 0.0326053
1726.1 0.0362212
1726.29 0.0412544
1726.49 0.0480836
1726.69 0.0571122
1726.89 0.0687364
1727.09 0.0833015
1727.29 0.101049
1727.49 5.7149
1727.69 0.146182
1727.89 0.173017
1728.09 0.201859
1728.29 0.231718
1728.48 0.261352
1728.68 0.289342
1728.88 4.01595
1729.08 3.91106
1729.28 0.348989
1729.48 0.356768
1729.68 0.357326
1729.88 0.35063
1730.08 0.337115
1730.28 0.317645
1730.48 0.293414
1730.67 0.26583
1730.87 0.236381
1731.07 0.2065
1731.27 0.177459
1731.47 0.150287
1731.67 0.12573
1731.87 0.104237
1732.07 0.0859903
1732.27 0.0709419
1732.47 0.0588735
1732.67 0.0494539
1732.86 0.0422936
1733.06 0.0369898
1733.26 0.0331599
1733.46 0.0304626
1733.66 0.0286094
1733.86 0.0273669
1734.06 0.0265538
1734.26 0.0260342
1734.46 0.0257101
1759.54 0.215402
1759.74 0.217649
1759.94 0.221272
1760.14 0.22698
1760.34 4.51195
1760.54 0.248937
1760.74 0.26825
1760.93 0.295867
1761.13 0.334391
1761.33 3.6728
1761.53 0.456288
1761.73 0.546062
1761.93 2.87938
1762.13 0.797201
1762.33 0.961627
1762.53 2.25563
1762.73 2.12937
1762.93 1.59444
1763.12 2.69625
1763.32 1.92661
1763.52 2.02142
1763.72 2.05695
1763.92 1.50393
1764.12 2.13336
1764.32 1.4136
1764.52 2.92163
1764.72 2.15201
1764.92 2.12438
1765.12 2.08636
1765.31 2.04622
1765.51 2.24537
1765.71 2.00003
1765.91 2.26028
1766.11 2.06563
1766.31 1.30458
1766.51 1.09798
1766.71 0.915016
1766.91 0.757863
1767.11 0.62675
1767.31 0.520376
1767.5 0.436379
1767.7 0.371776
1767.9 0.323352
1768.1 0.287961
1768.3 0.262731
1768.5 0.24518
1768.7 4.53073
1768.9 0.225365
1769.1 0.220252
1769.3 0.21702
2199.11 0.0872123
2199.31 0.0887925
2199.51 0.0911625
2199.71 0.0946445
2199.91 0.0996547
2200.11 0.106714
2200.31 0.116452
2200.51 0.1296
2200.71 0.14697
2200.9 5.10651
2201.1 0.197773
2201.3 0.232785
2201.5 0.275002
2201.7 0.324681
2201.9 0.381677
2202.1 0.445354
2202.3 3.22986
2202.5 0.587409
2202.7 0.661711
2202.9 2.73763
2203.09 2.62775
2203.29 0.864253
2203.49 2.47928
2203.69 2.43662
2203.89 0.974195
2204.09 0.979959
2204.29 0.96902
2204.49 0.941989
2204.69 2.49659
2204.89 2.56633
2205.09 2.65905
2205.28 0.712462
2205.48 0.638835
2205.68 0.564763
2205.88 0.492871
2206.08 0.425302
2206.28 0.36364
2206.48 0.308895
2206.68 0.261544
2206.88 0.221595
2207.08 0.188694
2207.27 0.16222
2207.47 5.44004
2207.67 0.125383
2207.87 0.113331
2208.07 0.104454
2208.27 0.098053
2208.47 0.0935339
2208.67 0.0904087
2208.87 0.0882916
2609.62 0.308177
2609.82 0.310065
2610.02 0.312743
2610.22 0.316469
2610.41 0.321558
2610.61 3.94185
2610.81 3.89692
2611.01 0.348915
2611.21 0.363543
2611.41 0.381673
2611.61 3.60421
2611.81 0.429864
2612.01 3.39828
2612.21 0.494972
2612.41 3.17645
2612.6 0.575221
2612.8 0.619289
2613 0.664491
2613.2 4.85536
2613.4 0.752387
2613.6 0.791779
2613.8 0.825901
2614 2.55699
2614.2 2.53163
2614.4 0.88269
2614.6 0.883414
2614.79 2.52887
2614.99 0.856674
2615.19 0.830512
2615.39 0.797343
2615.59 0.758669
2615.79 0.716143
2615.99 0.67146
2616.19 0.626246
2616.39 5.51996
2616.59 0.539833
2616.79 0.500816
2616.98 0.465571
2617.18 3.488
2617.38 0.407651
2617.58 0.38501
2617.78 0.366296
2617.98 0.351143
2618.18 0.339116
2618.38 0.329755
2618.58 0.32261
2618.78 0.317258
2618.97 0.313324
2619.17 0.310485
2619.37 0.308475
