48.0012 -70807.4
48.2002 -68981.2
48.3993 -68795.8
48.5983 -69657
48.7973 -69015.4
48.9964 -69572.3
49.1954 -68374.1
49.3945 -68559.7
49.5935 -68272.7
49.7926 -66802.6
49.9916 -70857.8
50.1906 -70079.1
50.3897 -73096.7
50.5887 -74915.1
50.7878 -81947.8
50.9868 -90151.3
51.1859 -102447
51.3849 -114991
51.5839 -133668
51.783 -157203
51.982 -184549
52.1811 -215123
52.3801 -247453
52.5791 -271138
52.7782 -294233
52.9772 -305464
53.1763 -304148
53.3753 -302319
53.5744 -289021
53.7734 -270749
53.9724 -238280
54.1715 -207989
54.3705 -177258
54.5696 -155681
54.7686 -129719
54.9677 -113410
55.1667 -99572.7
55.3657 -88452.8
55.5648 -82687.5
55.7638 -76774
55.9629 -75546.6
56.1619 -71346.5
56.3609 -73775.2
56.56 -70840.5
56.759 -72976.7
56.9581 -72790.1
75.0709 -120161
75.2699 -116890
75.469 -120268
75.668 -121233
75.8671 -119464
76.0661 -119035
76.2651 -122109
76.4642 -123201
76.6632 -122414
76.8623 -129285
77.0613 -132116
77.2604 -142306
77.4594 -153410
77.6584 -177223
77.8575 -212648
78.0565 -261533
78.2556 -335535
78.4546 -438620
78.6537 -575155
78.8527 -773137
79.0517 -1.0269e+06
79.2508 -1.35509e+06
79.4498 -1.76057e+06
79.6489 -2.22908e+06
79.8479 -2.77544e+06
80.0469 -3.31546e+06
80.246 -3.86035e+06
80.445 -4.29918e+06
80.6441 -4.66183e+06
80.8431 -4.82693e+06
81.0422 -4.84928e+06
81.2412 -4.64051e+06
81.4402 -4.29993e+06
81.6393 -3.78109e+06
81.8383 -3.2392e+06
82.0374 -2.63415e+06
82.2364 -2.05085e+06
82.4355 -1.56061e+06
82.6345 -1.12802e+06
82.8335 -792942
83.0326 -549965
83.2316 -365379
83.4307 -246710
83.6297 -171979
83.8287 -124922
84.0278 -97924.2
84.2268 -80711.4
84.4259 -71366.4
84.6249 -65915.5
84.824 -63014
85.023 -62296
85.222 -64772.8
85.4211 -61393.7
85.6201 -65625.7
85.8192 -61343.2
86.0182 -63367.5
86.2172 -61041.1
86.4163 -62195.6
86.6153 -64690.2
86.8144 -64489.4
87.0134 -65611.9
87.2125 -65277.1
87.4115 -65193.5
87.6105 -64623.8
87.8096 -64104
155.683 -267219
155.882 -270036
156.081 -269766
156.28 -266813
156.479 -270095
156.678 -267604
156.877 -270828
157.076 -269709
157.275 -270848
157.474 -273147
157.673 -269882
157.872 -275312
158.071 -274327
158.27 -274849
158.47 -279688
158.669 -282266
158.868 -288593
159.067 -293104
159.266 -298497
159.465 -309998
159.664 -313694
159.863 -325935
160.062 -334335
160.261 -336303
160.46 -347392
160.659 -343760
160.858 -338057
161.057 -339005
161.256 -331992
161.455 -324030
161.654 -320103
161.853 -307300
162.052 -301872
162.251 -297425
162.45 -289410
162.649 -285525
162.848 -283526
163.047 -281355
163.247 -278700
163.446 -275660
163.645 -279843
163.844 -274286
218.381 -66485.9
218.58 -66941.7
218.779 -67228.2
218.978 -65208.9
219.177 -68118.9
219.376 -68067.3
219.575 -64522.2
219.774 -67040.5
219.973 -65445.8
220.173 -63416.3
220.372 -65948.5
220.571 -64640.6
220.77 -66335.2
220.969 -63178
221.168 -66151.1
221.367 -69352.8
221.566 -73431.6
221.765 -72518.6
221.964 -75733.4
222.163 -80660.1
222.362 -83530.6
222.561 -89075.9
222.76 -91524
222.959 -88914.6
223.158 -93194.9
223.357 -91854.7
223.556 -92166.7
223.755 -88868.3
223.954 -85339.7
224.153 -78860.3
224.352 -74507.7
224.551 -70164.4
224.751 -64637.5
224.95 -63183.5
225.149 -60646.1
225.348 -58169.9
225.547 -56811.3
225.746 -53480
225.945 -54697.4
226.144 -53037.5
226.343 -52315.6
226.542 -49320.3
226.741 -50221.2
226.94 -51936.2
227.139 -48133.2
227.338 -49080
227.537 -49829.4
227.736 -49682.1
227.935 -48055.5
228.134 -48152.9
237.091 -31873.8
237.29 -30604.8
237.489 -30094.8
237.688 -31037.2
237.887 -28891.3
238.086 -30095.2
238.285 -30526.5
238.484 -29263.1
238.683 -29801.9
238.882 -29232.6
239.082 -28541
239.281 -28802.3
239.48 -28157.9
239.679 -27499
239.878 -27806
240.077 -28265.4
240.276 -27041.9
240.475 -27103.6
240.674 -29377.4
240.873 -28445.3
241.072 -27880.3
241.271 -25871.2
241.47 -27482.4
241.669 -26737.3
241.868 -24082.5
242.067 -26311.5
242.266 -25871.9
242.465 -25326.8
242.664 -24525.4
242.863 -23573.7
243.062 -24888.5
243.261 -24496.1
243.46 -23229.1
243.659 -24209.9
243.859 -23532.1
244.058 -25549.9
244.257 -24811.7
244.456 -23007.6
244.655 -24224.6
244.854 -23939
245.053 -22529.5
245.252 -23249.1
245.451 -22740.2
245.65 -22411.5
245.849 -24159.1
246.048 -22605.9
246.247 -22799.4
246.446 -21413.9
246.645 -21935.1
246.844 -22068.8
273.118 -15112.2
273.317 -18369.9
273.516 -22203.1
273.715 -28924.9
273.914 -39769.4
274.113 -52576.8
274.312 -76194.3
274.511 -104987
274.71 -144288
274.909 -189304
275.108 -251864
275.307 -313147
275.506 -377249
275.705 -435009
275.904 -489082
276.103 -524158
276.302 -542515
276.501 -543956
276.7 -529183
276.9 -486372
277.099 -427268
277.298 -377046
277.497 -304975
277.696 -245447
277.895 -187196
278.094 -140019
278.293 -103260
278.492 -73164.5
278.691 -51643.8
278.89 -37705.9
279.089 -26373.1
279.288 -18831.9
279.487 -16142.7
279.686 -13613.4
279.885 -12147.2
280.084 -11139.6
280.283 -10743
280.482 -10990.2
280.681 -11222.2
280.88 -10416.7
281.079 -10703.2
281.278 -10321.6
281.477 -10907.2
281.677 -11042.9
281.876 -10050
282.075 -10987.8
282.274 -10145.4
290.235 -9442.43
290.434 -9780.32
290.633 -9483.18
290.832 -9388.75
291.032 -10536.4
291.231 -9969.35
291.43 -9119.2
291.629 -9915.29
291.828 -10373.8
292.027 -10292.7
292.226 -9295.09
292.425 -10265.5
292.624 -9430.02
292.823 -9941.9
293.022 -10238.1
293.221 -9901.35
293.42 -9187.98
293.619 -9510.99
293.818 -9497.55
294.017 -9753.06
294.216 -9107.71
294.415 -9000.3
294.614 -9551.3
294.813 -9564.7
295.012 -9121.52
295.211 -9202.15
295.41 -9282.73
295.609 -9738.96
295.809 -9524.23
296.008 -9899.68
296.207 -9658.2
296.406 -8558.98
296.605 -9738.4
296.804 -9282.78
297.003 -8854.18
297.202 -8305.28
297.401 -8974.84
297.6 -8800.9
297.799 -9309.45
297.998 -9081.98
298.197 -8600.19
298.396 -9055.1
298.595 -9255.93
298.794 -9416.61
298.993 -10946.2
299.192 -11264.4
299.391 -13136.1
299.59 -17845.7
299.789 -24992.2
299.988 -36694.2
300.187 -54632
300.386 -81071.3
300.586 -125658
300.785 -187587
300.984 -270441
301.183 -373846
301.382 -499910
301.581 -653842
301.78 -828713
301.979 -989185
302.178 -1.15337e+06
302.377 -1.28658e+06
302.576 -1.39276e+06
302.775 -1.43295e+06
302.974 -1.41665e+06
303.173 -1.37205e+06
303.372 -1.26705e+06
303.571 -1.1204e+06
303.77 -947341
303.969 -776443
304.168 -625674
304.367 -469858
304.566 -342850
304.765 -243150
304.964 -166048
305.163 -109806
305.363 -69578.6
305.562 -47876.8
305.761 -30279
305.96 -20511.3
306.159 -14743.4
306.358 -11980.9
306.557 -10131.1
306.756 -8522.63
306.955 -8323.97
307.154 -8532
307.353 -7483.75
307.552 -7288.18
307.751 -7744.64
307.95 -8408.43
308.149 -7470.82
308.348 -7847.69
308.547 -7496.54
308.746 -7029.12
308.945 -7120.03
309.144 -6420.36
309.343 -6692.81
309.542 -7068.27
309.741 -7249.19
309.94 -7171.48
310.14 -6151.84
310.339 -6681.1
310.538 -6835.83
310.737 -6990.26
310.936 -6655.69
346.962 -3754
347.161 -3341.3
347.36 -3482.7
347.559 -3494.36
347.758 -3178.23
347.958 -3213.63
348.157 -3097.34
348.356 -3411.35
348.555 -3236.94
348.754 -3132.61
348.953 -2947.88
349.152 -3189.84
349.351 -2982.61
349.55 -2672.83
349.749 -2982.48
349.948 -2913.73
350.147 -2742.09
350.346 -3039.59
350.545 -3096.95
350.744 -2707.37
350.943 -3131.94
351.142 -3120.83
351.341 -3074.73
351.54 -3190.07
351.739 -3219.24
351.938 -4879.96
352.137 -6501.91
352.336 -10443.5
352.535 -17367.4
352.735 -29216.7
352.934 -52397.7
353.133 -91819.5
353.332 -155588
353.531 -249968
353.73 -391130
353.929 -593765
354.128 -874232
354.327 -1.21379e+06
354.526 -1.64151e+06
354.725 -2.15483e+06
354.924 -2.67531e+06
355.123 -3.22708e+06
355.322 -3.76187e+06
355.521 -4.18359e+06
355.72 -4.51376e+06
355.919 -4.68319e+06
356.118 -4.68461e+06
356.317 -4.49515e+06
356.516 -4.16773e+06
356.715 -3.71869e+06
356.914 -3.18199e+06
357.113 -2.66191e+06
357.313 -2.11848e+06
357.512 -1.62312e+06
357.711 -1.19783e+06
357.91 -850667
358.109 -580450
358.308 -378922
358.507 -244794
358.706 -149441
358.905 -84374.6
359.104 -48575
359.303 -24614.2
359.502 -13122.5
359.701 -6604.24
359.9 -3587.61
360.099 -1687.58
360.298 -928.175
360.497 -514.572
360.696 -420.957
360.895 -394.919
361.094 -393.399
361.293 -291.189
361.492 -329.939
361.691 -198.213
361.89 -260.167
362.09 -236.993
362.289 -283.354
362.488 -283.348
362.687 -198.475
362.886 -252.49
363.085 -167.721
363.284 -221.695
363.483 -314.109
363.682 -283.304
363.881 -191.002
364.08 -290.973
364.279 -267.91
364.478 -267.909
364.677 -206.507
364.876 -221.878
365.075 -367.57
365.274 -229.584
365.473 -283.211
365.672 -260.235
365.871 -275.535
366.07 -267.88
366.269 -252.59
366.468 -206.764
366.667 -252.595
366.867 -260.226
367.066 -176.341
367.265 -260.22
367.464 -275.452
367.663 -244.986
367.862 -359.126
379.008 -192.606
379.207 -200.293
379.406 -215.107
379.605 -182.456
379.804 -354.582
380.003 -620.975
380.202 -975.768
380.401 -1933.17
380.6 -3470.95
380.799 -6106.61
380.999 -9978.47
381.198 -18180.8
381.397 -30650.5
381.596 -46757.4
381.795 -71349.5
381.994 -104493
382.193 -142595
382.392 -190833
382.591 -254227
382.79 -315381
382.989 -380157
383.188 -437188
383.387 -484946
383.586 -525242
383.785 -539164
383.984 -534377
384.183 -513097
384.382 -476014
384.581 -421838
384.78 -356910
384.979 -293939
385.178 -236601
385.377 -178558
385.576 -133722
385.776 -96876.1
385.975 -68926.1
