41.6317 -4879.99
41.8307 -4977.93
42.0298 -4794.18
42.2288 -4757.42
42.4278 -4941.02
42.6268 -4304.52
42.8259 -4794.11
43.0249 -4745.16
43.2239 -5100.41
43.4229 -4806.57
43.622 -5347.48
43.821 -5361.68
44.02 -4916.61
44.219 -5789.67
44.4181 -6195.5
44.6171 -6926.03
44.8161 -7928.92
45.0151 -8894.4
45.2142 -10976.5
45.4132 -11630.2
45.6122 -15765.8
45.8112 -17352
46.0103 -18341.1
46.2093 -20451.9
46.4083 -21176.8
46.6073 -20216.4
46.8064 -19598.4
47.0054 -18881.2
47.2044 -17570.4
47.4034 -15640.9
47.6025 -12688.3
47.8015 -11195.8
48.0005 -9753.21
48.1995 -7203.78
48.3986 -6654.71
48.5976 -6182.91
48.7966 -5150.95
48.9956 -4533.19
49.1947 -4806.67
49.3937 -3876.97
49.5927 -4305.73
49.7917 -4038.48
49.9908 -3965.95
50.1898 -3868.89
50.3888 -4306.18
50.5878 -4683.17
50.7869 -4988.3
50.9859 -4145.9
51.1849 -4462.76
51.3839 -4855.63
51.583 -5413.73
51.782 -5162.29
51.981 -6068.64
52.1801 -6271.48
52.3791 -6938.99
52.5781 -8434.9
52.7771 -7404.4
52.9762 -7757.6
53.1752 -8693.49
53.3742 -8376.74
53.5732 -7915.8
53.7723 -8006.43
53.9713 -7094.11
54.1703 -6488.73
54.3693 -5585.15
54.5684 -5651.94
54.7674 -5526.1
54.9664 -4534.3
55.1655 -4634.86
55.3645 -4573.87
55.5635 -4027.05
55.7625 -4633.12
55.9616 -4282.11
56.1606 -4064.96
56.3596 -4727.54
56.5586 -4161.39
56.7577 -3607.94
56.9567 -4425.94
57.1557 -4389.76
57.3547 -4161.31
57.5538 -4293.46
57.7528 -4653.79
57.9518 -4245.3
58.1509 -4365.32
181.357 -11691.2
181.556 -11525.4
181.755 -11732.6
181.954 -11705
182.153 -11525.6
182.352 -11387.6
182.551 -12450.3
182.75 -11746.5
182.949 -11346.2
183.148 -12188.3
183.347 -11704.9
183.546 -11552.3
183.745 -12425.2
183.944 -12648
184.143 -13164.7
184.342 -14106.6
184.542 -15454.1
184.741 -14852.6
184.94 -17729.8
185.139 -18851.9
185.338 -21131.5
185.537 -21637.7
185.736 -23518.1
185.935 -23128.1
186.134 -23818.8
186.333 -23758.7
186.532 -23473.9
186.731 -21934.1
186.93 -21963.5
187.129 -19437.4
187.328 -17773.3
187.527 -17380.8
187.726 -15626.8
187.925 -14728.5
188.124 -13262.8
188.324 -12467
188.523 -12631.9
188.722 -11980.7
188.921 -12199.1
189.12 -11305.6
189.319 -10620.4
189.518 -10689.2
189.717 -9896.09
189.916 -11919.7
190.115 -10580.1
190.314 -10675.8
190.513 -10634.9
190.712 -10389.2
190.911 -10662.3
191.11 -10171.1
237.093 -6144.48
237.292 -6667.24
237.491 -6004.43
237.69 -6246.57
237.889 -6081.03
238.088 -6373.88
238.287 -6513.91
238.486 -5839.08
238.685 -6259.3
238.884 -6348.54
239.083 -6886.14
239.282 -6707.08
239.482 -7132.98
239.681 -8151.67
239.88 -8535.97
240.079 -9658.78
240.278 -11690.8
240.477 -13487.1
240.676 -14812.3
240.875 -18341
241.074 -20852
241.273 -23563.8
241.472 -25281.2
241.671 -27393.8
241.87 -29184.5
242.069 -28709.9
242.268 -27134.1
242.468 -24127.3
242.667 -25171.1
242.866 -20985
243.065 -18370.1
243.264 -15927.6
243.463 -13346.7
243.662 -11636
243.861 -10387.9
244.06 -8072.18
244.259 -7314.34
244.458 -7222.24
244.657 -6845.95
244.856 -5979.94
245.055 -6017.29
245.254 -5237.52
245.453 -5338.56
245.653 -5376.37
245.852 -5338.95
246.051 -5176.62
246.25 -5688.64
246.449 -5900.57
246.648 -4902.62
246.847 -5251.85
254.013 -4855.87
254.212 -4523.77
254.411 -5581.23
254.61 -4708.35
254.81 -4696.1
255.009 -4376.86
255.208 -4892.56
255.407 -4647.1
255.606 -5002.87
255.805 -4990.55
256.004 -4598.1
256.203 -4549.03
256.402 -4536.7
256.601 -4683.88
256.8 -4929.56
256.999 -4745.11
257.198 -4744.84
257.397 -4942.09
257.596 -5239.25
257.796 -5388.63
257.995 -5713.06
258.194 -5214.02
258.393 -5576.66
258.592 -6090.81
258.791 -5576.7
258.99 -5062.63
259.189 -5476.48
259.388 -5488.93
259.587 -5214.53
259.786 -5202.16
259.985 -5078.08
260.184 -4966.73
260.383 -4241.99
260.582 -4353.58
260.782 -4659.3
260.981 -4220.72
261.18 -4391.25
261.379 -4476.18
261.578 -4064.01
261.777 -4439.56
261.976 -4524.13
262.175 -4016.19
262.374 -4221.73
262.573 -4680.65
262.772 -4535.57
262.971 -4318.24
263.17 -3908.18
263.369 -4571.22
263.568 -4004.8
263.768 -3848.32
269.939 -3623.74
270.138 -4063.58
270.337 -4087.29
270.536 -3481.24
270.735 -3457.53
270.934 -3718.9
271.133 -3457.62
271.332 -3683.28
271.531 -3718.9
271.73 -3540.76
271.929 -3790.17
272.128 -4027.92
272.327 -4051.95
272.527 -3647.18
272.726 -3933.29
272.925 -4364.27
273.124 -3933.03
273.323 -4282.01
273.522 -4245.82
273.721 -4792.75
273.92 -4903.91
274.119 -4426.16
274.318 -4720.43
274.517 -4485.53
274.716 -5226.25
274.915 -4756.91
275.114 -5102.39
275.314 -4818.96
275.513 -4806.36
275.712 -4464.17
275.911 -4512.34
276.11 -3860.21
276.309 -4256.79
276.508 -3754.36
276.707 -3612.07
276.906 -3576.85
277.105 -3624.1
277.304 -3435.6
277.503 -3541.48
277.702 -3412.22
277.901 -3787.98
278.1 -3142.16
278.3 -3517.93
278.499 -3259.47
278.698 -3647.25
278.897 -3612.03
279.096 -3459.18
279.295 -3635.61
279.494 -3706.21
279.693 -3341.53
279.892 -3659.15
280.091 -3400.36
280.29 -3517.98
280.489 -3082.89
280.688 -3823.66
280.887 -3353.4
281.087 -3600.23
281.286 -3694.2
281.485 -3142.02
281.684 -3271.29
281.883 -3095.19
282.082 -3987.49
282.281 -3318.35
290.244 -3213.52
290.443 -2855.22
290.642 -2924.59
290.841 -3190.36
291.04 -3005.47
291.239 -2982.29
291.438 -3248.42
291.637 -3399.56
291.836 -3248.69
292.035 -3447.44
292.235 -3909.2
292.434 -4681.88
292.633 -5016.1
292.832 -6259.23
293.031 -7612.45
293.23 -10921.1
293.429 -13683.8
293.628 -18180.9
293.827 -21916.7
294.026 -29186.2
294.225 -34119
294.424 -41206.4
294.623 -46482.3
294.823 -51512.9
295.022 -54073.2
295.221 -54220.5
295.42 -55801.2
295.619 -51791
295.818 -46547.1
296.017 -40295.7
296.216 -35892.4
296.415 -28095.8
296.614 -24371.9
296.813 -18224.5
297.012 -14022
297.211 -10621.3
297.41 -7941.99
297.61 -6221.1
297.809 -5139.9
298.008 -4330.28
298.207 -3766.18
298.406 -3517.21
298.605 -3121.06
298.804 -3132.24
299.003 -2844.9
299.202 -2845.04
299.401 -2879.39
299.6 -2845.09
299.799 -2662.33
299.998 -2685.24
300.197 -2799.43
346.981 -1687.29
347.18 -1467.09
347.379 -1530.01
347.578 -1530
347.777 -1571.89
347.976 -1329.71
348.175 -2110.81
348.374 -1804.41
348.573 -2095.83
348.773 -2505.17
348.972 -3005.63
349.171 -4113.03
349.37 -6241.23
349.569 -7534.89
349.768 -11704.3
349.967 -15597.7
350.166 -21875.1
350.365 -29910
350.564 -38975.9
350.763 -48769.1
350.962 -63163.4
351.162 -71857.9
351.361 -84216.4
351.56 -87516.2
351.759 -93891.7
351.958 -96683.6
352.157 -91070.2
352.356 -87033.8
352.555 -80504.9
352.754 -68998.5
352.953 -58501.6
353.152 -46789.9
353.351 -37707.1
353.551 -27072.2
353.75 -20733.5
353.949 -15168.9
354.148 -10403.2
354.347 -6770.75
354.546 -5336.55
354.745 -3541.51
354.944 -2753.32
355.143 -1649.61
355.342 -1475.47
355.541 -1488.61
355.74 -1509.06
355.94 -1436.7
356.139 -1171.78
356.338 -1212.73
356.537 -1344.56
356.736 -1486.12
381.821 -1202.98
382.02 -1093.58
382.219 -1083.63
382.418 -1193.03
382.617 -1222.86
382.816 -1083.64
383.015 -1202.97
383.214 -1282.53
383.413 -1133.36
383.612 -1203
383.812 -974.071
384.011 -1083.51
384.21 -1262.96
384.409 -1183.17
384.608 -1303.37
384.807 -1374.01
385.006 -1112.19
385.205 -1121.54
385.404 -1008.34
385.603 -1365.14
385.802 -1602.08
386.002 -1768.86
386.201 -1384.17
386.4 -1655.8
386.599 -1719.09
386.798 -1867.17
386.997 -1825.27
387.196 -1836.11
387.395 -1580.89
387.594 -1537.86
387.793 -1804.41
387.992 -1761.58
388.192 -1697.15
388.391 -1857.91
388.59 -1686.23
388.789 -1868.63
388.988 -1964.87
389.187 -2081.61
389.386 -1666.27
389.585 -1571.55
389.784 -1666.21
389.983 -1426.31
390.182 -1684.56
390.381 -1395.88
390.581 -1273.55
390.78 -1142.32
390.979 -1554.96
391.178 -1223.21
391.377 -1003.53
391.576 -1103.46
391.775 -1123.42
391.974 -1043.99
392.173 -1173.07
392.372 -1292.1
392.571 -1044.11
392.771 -935.058
392.97 -1192.85
393.169 -1173.02
393.368 -1242.41
393.567 -974.777
393.766 -1103.63
449.911 -666.094
450.11 -720.306
450.309 -557.684
450.508 -711.194
450.707 -720.179
450.906 -575.848
451.105 -530.798
451.304 -765.151
451.503 -656.999
451.702 -629.96
451.902 -711.159
452.101 -675.118
452.3 -774.825
452.499 -638.867
452.698 -492.525
452.897 -886.462
453.096 -572.829
453.295 -636.592
453.494 -964.833
453.693 -1194.07
453.893 -793.923
454.092 -821.808
454.291 -966.669
454.49 -1103.15
454.689 -966.367
454.888 -1064.16
455.087 -1005.55
455.286 -811.462
455.485 -1120.88
455.684 -822.994
455.883 -908.628
456.083 -963.936
456.282 -665.318
456.481 -730.192
456.68 -638.838
456.879 -675.094
457.078 -638.922
457.277 -495.938
457.476 -514.108
457.675 -425.643
457.874 -549.831
458.074 -496.859
458.273 -541.053
458.472 -567.518
458.671 -505.824
458.87 -426.51
459.069 -532.251
459.268 -602.831
459.467 -585.214
459.666 -665.073
459.865 -683.213
460.065 -495.598
460.264 -792.226
460.463 -602.546
460.662 -739.3
460.861 -739.493
461.06 -823.254
461.259 -973.786
461.458 -804.578
461.657 -937.307
461.856 -861.306
462.056 -813.68
462.255 -1013.41
462.454 -832.922
462.653 -776.481
462.852 -580.689
463.051 -813.461
463.25 -492.1
463.449 -675.187
463.648 -576.11
463.847 -611.928
464.047 -523.409
464.246 -444.72
464.445 -549.797
464.644 -471.545
464.843 -488.966
465.042 -575.298
465.241 -532.073
465.44 -437.391
465.639 -643.642
465.838 -446.076
466.038 -531.856
466.237 -531.81
466.436 -386.231
466.635 -617.259
466.834 -429.103
475.594 -480.296
475.794 -531.29
475.993 -497.28
476.192 -471.782
476.391 -505.758
476.59 -573.704
476.789 -429.307
476.988 -293.367
477.187 -505.792
477.386 -369.699
477.585 -412.163
477.785 -557.284
477.984 -411.799
478.183 -454.524
478.382 -549.643
478.581 -602.327
478.78 -496.918
478.979 -460.399
479.178 -557.864
479.377 -839.175
479.577 -647.452
479.776 -748.753
479.975 -785.983
480.174 -795.336
480.373 -870.476
480.572 -861.046
480.771 -916.999
480.97 -795.249
481.169 -767.189
481.368 -537.997
481.568 -729.461
481.767 -468.815
481.966 -576.375
482.165 -523.607
482.364 -445.532
482.563 -420.144
482.762 -386.326
482.961 -429.262
483.16 -522.6
483.359 -446.304
483.559 -378.749
483.758 -446.292
483.957 -463.177
484.156 -378.683
484.355 -454.78
484.554 -539.856
484.753 -454.731
484.952 -609.658
485.151 -488.845
485.351 -681.855
485.55 -585.24
485.749 -638.976
485.948 -620.291
486.147 -841.441
486.346 -664.071
486.545 -823.453
486.744 -708.733
486.943 -1244.14
487.142 -985.701
487.342 -937.715
487.541 -756.494
487.74 -814.022
487.939 -795.34
488.138 -757.996
488.337 -620.458
488.536 -665.97
488.735 -443.226
488.934 -453.521
489.133 -601.503
489.333 -488.976
489.532 -514.296
489.731 -471.641
489.93 -547.134
490.129 -362.381
490.328 -387.59
490.527 -471.091
490.726 -362.648
490.925 -495.966
491.125 -404.336
491.324 -337.763
491.523 -462.567
491.722 -387.705
491.921 -420.963
492.12 -312.919
575.149 -336.845
575.348 -321.505
575.547 -290.861
575.746 -244.926
575.946 -321.46
576.145 -237.278
576.344 -244.93
576.543 -244.925
576.742 -298.536
576.941 -229.552
577.14 -221.791
577.339 -213.924
577.539 -236.885
577.738 -275.593
577.937 -267.569
578.136 -290.987
578.335 -395.218
578.534 -281.475
578.733 -354.593
578.932 -311.666
579.131 -480.361
579.331 -463.072
579.53 -471.274
579.729 -646.659
579.928 -647.077
580.127 -478.989
580.326 -541.011
580.525 -646.652
580.724 -488.74
580.924 -419.93
581.123 -599.623
581.322 -479.79
581.521 -495.156
581.72 -403.772
581.919 -290.811
582.118 -259.638
582.317 -260.064
582.516 -244.836
582.716 -237.35
582.915 -267.727
583.114 -222.388
583.313 -222.437
583.512 -199.964
583.711 -297.393
583.91 -170.029
584.109 -252.443
584.308 -252.455
584.508 -252.469
584.707 -259.991
584.906 -199.889
585.105 -275.057
585.304 -350.287
585.503 -177.277
585.702 -305.179
585.901 -260.035
586.101 -260.032
586.3 -327.723
586.499 -147.225
586.698 -229.945
586.897 -222.432
587.096 -154.817
587.295 -229.951
587.494 -184.903
587.693 -169.909
587.893 -312.491
588.092 -244.959
604.419 -164.39
604.619 -236.613
604.818 -244.203
605.017 -237.292
605.216 -207.154
605.415 -291.193
605.614 -313.436
605.813 -637.863
606.012 -710.186
606.212 -1151.63
606.411 -2030.52
606.61 -3248.68
606.809 -5846.86
607.008 -7470.3
607.207 -11498.2
607.406 -15870.1
607.605 -22203.1
607.805 -30155.4
608.004 -37660.6
608.203 -48391.5
608.402 -54880
608.601 -61609.8
608.8 -70130.4
608.999 -75887.7
609.198 -77815.9
609.397 -80676.3
609.597 -78260.6
609.796 -72926.5
609.995 -65781.7
610.194 -57142.8
610.393 -47437.8
610.592 -39691.5
610.791 -29520.8
610.99 -23068.7
611.19 -16644.1
611.389 -13286.5
611.588 -8006.01
611.787 -5752.57
611.986 -3399.02
612.185 -2760.08
612.384 -1519.77
612.583 -918.528
612.783 -504.264
612.982 -522.103
613.181 -346.804
613.38 -221.692
613.579 -177.338
613.778 -207.697
613.977 -207.754
614.176 -288.235
656.789 -115.34
656.988 -192.954
657.187 -171.792
657.386 -136.551
657.585 -178.838
657.785 -178.835
657.984 -199.956
658.183 -87.3169
658.382 -192.906
658.581 -143.636
658.78 -178.831
658.979 -157.705
659.178 -185.891
659.378 -228.257
659.577 -150.579
659.776 -185.955
659.975 -264.13
660.174 -178.872
660.373 -200.312
660.572 -207.54
660.771 -214.805
660.971 -229.326
661.17 -214.936
661.369 -273.08
661.568 -178.619
661.767 -200.452
661.966 -171.15
662.165 -200.389
662.364 -126.064
662.564 -222.439
662.763 -122.627
662.962 -291.202
663.161 -362.988
663.36 -387.71
663.559 -506.209
663.758 -603.054
663.957 -868.34
664.157 -927.778
664.356 -1054.31
664.555 -1103.34
664.754 -1456.52
664.953 -1354.58
665.152 -1405.42
665.351 -1592.88
665.55 -1457.03
665.75 -1415.87
665.949 -1354.65
666.148 -1507.09
666.347 -1003.84
666.546 -927.725
666.745 -993.787
666.944 -702.654
667.144 -664.925
667.343 -523.043
667.542 -346.642
667.741 -306.921
667.94 -252.568
668.139 -237.4
668.338 -229.532
668.537 -136.053
668.737 -129.549
668.936 -192.666
669.135 -123.15
669.334 -116.381
669.533 -157.79
669.732 -150.907
669.931 -137.176
670.13 -164.627
670.33 -205.752
698.208 -279.873
698.407 -207.644
698.606 -207.636
698.805 -135.52
699.004 -200.415
699.203 -164.376
699.403 -207.625
699.602 -149.92
699.801 -243.788
700 -156.976
700.199 -207.733
700.398 -163.831
700.597 -229.877
700.796 -200.101
700.996 -267.713
701.195 -275.602
701.394 -259.899
701.593 -338.754
701.792 -273.794
701.991 -412.563
702.19 -513.431
702.389 -548.456
702.589 -532.04
702.788 -575.644
702.987 -541.057
703.186 -480.109
703.385 -384.794
703.584 -506.23
703.783 -497.397
703.983 -378.981
704.182 -420.847
704.381 -379.375
704.58 -267.065
704.779 -259.976
704.978 -198.994
705.177 -199.873
705.376 -229.903
705.576 -134.759
705.775 -171.549
705.974 -214.647
706.173 -178.874
706.372 -221.346
706.571 -150.623
706.77 -185.87
706.97 -157.733
707.169 -185.817
707.368 -213.837
707.567 -171.772
707.766 -115.784
707.965 -220.71
714.935 -157.773
715.134 -137.164
715.333 -178.419
715.532 -185.33
715.731 -116.438
715.931 -199.214
716.13 -150.891
716.329 -150.877
716.528 -171.706
716.727 -81.004
716.926 -178.804
717.125 -178.863
717.324 -193.155
717.524 -185.97
717.723 -215.1
717.922 -177.647
718.121 -260.216
718.32 -260.088
718.519 -354.47
718.718 -395.36
718.918 -412.389
719.117 -437.682
719.316 -311.291
719.515 -531.376
719.714 -446.182
719.913 -454.71
720.112 -437.662
720.311 -403.829
720.511 -538.819
720.71 -454.205
720.909 -346.756
721.108 -306.632
721.307 -306.929
721.506 -298.924
721.705 -206.824
721.905 -207.437
722.104 -229.905
722.303 -185.816
722.502 -243.923
722.701 -135.631
722.9 -207.499
723.099 -214.565
723.298 -178.872
723.498 -214.472
723.697 -136.169
723.896 -164.637
724.095 -264.323
724.294 -171.748
724.493 -186
724.692 -136.069
758.147 -185.697
758.346 -143.847
758.546 -227.49
758.745 -150.832
758.944 -178.686
759.143 -157.801
759.342 -171.712
759.541 -150.854
759.74 -192.534
759.94 -53.6962
760.139 -130.067
760.338 -150.879
760.537 -123.202
760.736 -199.274
760.935 -185.403
761.134 -171.569
761.333 -150.907
761.533 -109.763
761.732 -157.74
761.931 -164.53
762.13 -164.474
762.329 -144.069
762.528 -177.888
762.727 -130.55
762.927 -144.044
763.126 -137.303
763.325 -177.717
763.524 -123.82
763.723 -103.528
763.922 -49.2008
764.121 -150.881
764.321 -171.486
764.52 -178.613
764.719 -185.885
764.918 -157.178
765.117 -229.938
765.316 -306.467
765.515 -306.589
765.715 -412.432
765.914 -567.407
766.113 -710.936
766.312 -985.49
766.511 -1498.79
766.71 -1793.6
766.909 -2093.87
767.108 -2810.65
767.308 -3717.82
767.507 -4149.22
767.706 -4732.63
767.905 -4991.54
768.104 -5027.69
768.303 -5101.54
768.502 -5850.98
768.702 -5065.56
768.901 -4782.06
769.1 -4100.18
769.299 -3837.8
769.498 -3213.84
769.697 -2889.32
769.896 -2270.98
770.096 -1687.52
770.295 -1384.63
770.494 -1005.19
770.693 -675.184
770.892 -558.39
771.091 -404.262
771.29 -291.191
771.49 -192.338
771.689 -200.453
771.888 -164.732
772.087 -157.806
772.286 -171.39
772.485 -83.1109
772.684 -110.358
772.884 -164.155
773.083 -190.889
773.282 -123.909
781.048 -130.42
781.247 -123.584
781.447 -191.891
781.646 -164.579
781.845 -164.604
782.044 -171.506
782.243 -192.258
782.442 -130.075
782.641 -129.802
782.841 -150.543
783.04 -142.796
783.239 -244.545
783.438 -184.549
783.637 -213.273
783.836 -338.839
784.035 -454.359
784.235 -411.342
784.434 -710.02
784.633 -711.833
784.832 -908.374
785.031 -1063.15
785.23 -838.352
785.429 -1282.71
785.629 -1102.63
785.828 -1132.24
786.027 -1283.76
786.226 -1384.24
786.425 -1362.7
786.624 -1211.88
786.823 -724.967
787.022 -851.85
787.222 -638.037
787.421 -665.749
787.62 -497.593
787.819 -270.036
788.018 -346.901
788.217 -369.668
788.416 -290.673
788.616 -163.164
788.815 -287.598
789.014 -257.442
789.213 -157.675
789.412 -213.773
789.611 -136.909
789.81 -185.568
790.01 -157.807
790.209 -192.406
790.408 -192.39
790.607 -164.721
790.806 -137.056
791.005 -67.8796
791.204 -102.455
801.361 -178.381
801.56 -157.778
801.759 -164.658
801.958 -150.905
802.157 -150.9
802.356 -116.275
802.556 -129.96
802.755 -206.879
802.954 -242.833
803.153 -229.356
803.352 -185.53
803.551 -222.186
803.75 -259.777
803.95 -371.284
804.149 -319.6
804.348 -646.305
804.547 -575.329
804.746 -701.501
804.945 -860.462
805.144 -1133.36
805.344 -1061.14
805.543 -1282.68
805.742 -1571.92
805.941 -1477.42
806.14 -1982.32
806.339 -2118.55
806.538 -1791.49
806.738 -1250.76
806.937 -1253.02
807.136 -1173.18
807.335 -1220.36
807.534 -718.86
807.733 -721.033
807.932 -434.057
808.132 -497.557
808.331 -528.215
808.53 -322.809
808.729 -244.81
808.928 -244.915
809.127 -222.332
809.326 -178.858
809.526 -185.897
809.725 -178.733
809.924 -143.935
810.123 -116.36
810.322 -171.571
810.521 -144.028
810.72 -144.034
810.92 -192.125
811.119 -123.436
834.219 -221.604
834.419 -200.236
834.618 -193.115
834.817 -164.631
835.016 -150.378
835.215 -157.485
835.414 -178.868
835.613 -150.238
835.813 -178.832
836.012 -229.298
836.211 -178.641
836.41 -229.79
836.609 -222.511
836.808 -237.449
837.007 -314.097
837.207 -275.483
837.406 -378.942
837.605 -387.713
837.804 -462.867
838.003 -420.665
838.202 -549.62
838.401 -532.321
838.601 -620.78
838.8 -585.178
838.999 -594.06
839.198 -647.874
839.397 -647.703
839.596 -638.361
839.796 -619.895
839.995 -264.782
840.194 -488.671
840.393 -346.19
840.592 -355.01
840.791 -306.893
840.99 -221.12
841.19 -252.597
841.389 -170.04
841.588 -229.858
841.787 -185.895
841.986 -200.414
842.185 -164.548
842.384 -193.107
842.584 -157.602
842.783 -171.79
842.982 -178.852
843.181 -192.946
843.38 -185.884
843.579 -214.043
843.778 -143.635
843.978 -185.863
855.727 -178.827
855.926 -270.376
856.126 -178.839
856.325 -143.587
856.524 -150.624
856.723 -207.096
856.922 -214.184
857.121 -150.579
857.32 -86.8854
857.52 -150.546
857.719 -242.636
857.918 -129.238
858.117 -193.064
858.316 -150.469
858.515 -100.698
858.714 -221.552
858.914 -250.064
859.113 -107.619
859.312 -86.1585
859.511 -171.73
859.71 -236.019
859.909 -178.86
860.109 -135.919
860.308 -300.597
860.507 -193.18
860.706 -150.16
860.905 -171.664
861.104 -243.436
861.303 -171.65
861.503 -128.541
861.702 -157.264
861.901 -207.576
862.1 -257.926
862.299 -178.812
862.498 -171.61
862.697 -229.208
862.897 -222.022
863.096 -236.454
863.295 -185.995
863.494 -243.717
863.693 -200.428
863.892 -128.193
864.091 -164.295
864.291 -149.813
864.49 -128.077
864.689 -207.686
864.888 -185.958
865.087 -222.198
865.286 -229.467
865.486 -229.486
929.214 -237.035
929.413 -207.757
929.612 -200.437
929.811 -193.103
930.01 -149.007
930.21 -215.11
930.409 -296.735
930.608 -222.46
930.807 -244.988
931.006 -229.028
931.205 -314.84
931.405 -494.585
931.604 -378.211
931.803 -541.04
932.002 -730.153
932.201 -899.357
932.4 -1123.28
932.599 -1253.28
932.799 -1540.65
932.998 -2071.79
933.197 -2248.76
933.396 -2582.09
933.595 -2393.41
933.794 -2369.45
933.994 -2595.17
934.193 -2810.46
934.392 -2606.75
934.591 -2337.92
934.79 -2249.68
934.989 -1943.94
935.188 -1602.8
935.388 -1519.61
935.587 -1002.79
935.786 -1034.57
935.985 -804.675
936.184 -558.026
936.383 -514.912
936.583 -412.655
936.782 -427.076
936.981 -260.089
937.18 -260.133
937.379 -155.888
937.578 -178.604
937.777 -178.803
937.977 -128.867
938.176 -207.289
938.375 -171.787
938.574 -150.613
938.773 -228.165
938.972 -199.937
959.286 -164.281
959.485 -90.0794
959.685 -123.805
959.884 -96.7922
960.083 -137.3
960.282 -110.242
960.481 -157.616
960.68 -198.405
960.879 -164.519
961.079 -123.504
961.278 -212.972
961.477 -157.801
961.676 -136.614
961.875 -214.516
962.074 -171.491
962.274 -185.668
962.473 -267.412
962.672 -313.586
962.871 -275.634
963.07 -322.674
963.269 -330.794
963.469 -306.533
963.668 -232.873
963.867 -338.583
964.066 -371.319
964.265 -404.078
964.464 -387.602
964.663 -371.17
964.863 -402.818
965.062 -196.378
965.261 -322.283
965.46 -275.531
965.659 -267.53
965.858 -237.272
966.058 -214.988
966.257 -186.012
966.456 -122.353
966.655 -150.799
966.854 -164.73
967.053 -116.524
967.253 -137.217
967.452 -137.251
967.651 -212.095
967.85 -157.655
968.049 -157.64
968.248 -110.16
968.447 -164.407
968.647 -123.731
968.846 -103.396
969.045 -171.183
1047.12 -104.474
1047.31 -91.9816
1047.51 -135.74
1047.71 -91.9755
1047.91 -142.066
1048.11 -79.4217
1048.31 -85.6674
1048.51 -60.4324
1048.71 -91.8937
1048.91 -117.259
1049.11 -181.338
1049.31 -110.941
1049.51 -39.0614
1049.7 -143.822
1049.9 -90.2688
1050.1 -103.068
1050.3 -136.937
1050.5 -249.679
1050.7 -128.352
1050.9 -207.758
1051.1 -200.224
1051.3 -214.905
1051.5 -237.416
1051.7 -275.5
1051.9 -298.52
1052.09 -344.423
1052.29 -305.972
1052.49 -252.581
1052.69 -184.973
1052.89 -207.698
1053.09 -171.264
1053.29 -164.473
1053.49 -214.138
1053.69 -81.5043
1053.89 -137.248
1054.09 -184.315
1054.29 -190.214
1054.48 -117.415
1054.68 -84.9863
1054.88 -110.944
1055.08 -117.339
1055.28 -130.055
1055.48 -53.659
1055.68 -110.897
1055.88 -148.952
1056.08 -117.226
1056.28 -98.2059
1056.48 -47.4946
1056.68 -123.564
1056.87 -110.886
1065.04 -49.1586
1065.24 -79.7491
1065.44 -98.0986
1065.64 -79.7493
1065.84 -122.576
1066.04 -67.4962
1066.24 -42.9507
1066.43 -116.566
1066.63 -85.8422
1066.83 -135.329
1067.03 -110.679
1067.23 -117.074
1067.43 -85.5006
1067.63 -98.0785
1067.83 -123.952
1068.03 -137.247
1068.23 -204.99
1068.43 -130.202
1068.63 -192.875
1068.82 -143.09
1069.02 -200.456
1069.22 -193.011
1069.42 -282.066
1069.62 -147.455
1069.82 -199.807
1070.02 -229.926
1070.22 -297.57
1070.42 -192.635
1070.62 -274.26
1070.82 -134.741
1071.01 -193.199
1071.21 -221.258
1071.41 -171.677
1071.61 -116.867
1071.81 -163.955
1072.01 -156.702
1072.21 -104.506
1072.41 -79.175
1072.61 -129.55
1072.81 -23.8029
1073.01 -85.8495
1073.21 -110.325
1073.4 -73.6941
1073.6 -134.42
1073.8 -61.6412
1074 -85.8605
1074.2 -79.8174
1074.4 -61.7137
1074.6 -91.8847
1074.8 -55.7064
1115.43 -116.043
1115.63 -104.133
1115.83 -98.1743
1116.03 -60.4483
1116.23 -136.877
1116.42 -110.278
1116.62 -121.997
1116.82 -237.457
1117.02 -290.542
1117.22 -566.394
1117.42 -638.447
1117.62 -1015.3
1117.82 -1612.35
1118.02 -1705.08
1118.22 -3003.84
1118.42 -3908.04
1118.62 -4512.37
1118.81 -6637.12
1119.01 -7158.91
1119.21 -9279.01
1119.41 -9604.74
1119.61 -10688.8
1119.81 -12313.7
1120.01 -12299.4
1120.21 -13276.6
1120.41 -12507.4
1120.61 -12898.7
1120.81 -11663.4
1121.01 -10607.2
1121.2 -10103.8
1121.4 -8363.94
1121.6 -7495.03
1121.8 -5777.84
1122 -4085.83
1122.2 -3353.22
1122.4 -2493.75
1122.6 -1674.27
1122.8 -1283.15
1123 -947.352
1123.2 -821.191
1123.4 -437.585
1123.59 -346.869
1123.79 -184.553
1123.99 -150.251
1124.19 -178.222
1124.39 -163.542
1124.59 -149.534
1124.79 -72.9066
1124.99 -79.4417
1125.19 -110.677
1128.77 -79.7454
1128.97 -43.0225
1129.17 -128.715
1129.37 -73.6162
1129.57 -42.9717
1129.77 -122.657
1129.97 -110.422
1130.17 -110.467
1130.37 -98.1798
1130.57 -92.0038
1130.76 -73.2727
1130.96 -123.38
1131.16 -117.244
1131.36 -130.216
1131.56 -123.934
1131.76 -90.9051
1131.96 -110.414
1132.16 -144.064
1132.36 -178.65
1132.56 -157.68
1132.76 -207.476
1132.96 -193.205
1133.15 -222.365
1133.35 -207.752
1133.55 -207.734
1133.75 -266.749
1133.95 -229.814
1134.15 -156.587
1134.35 -185.959
1134.55 -257.623
1134.75 -171.792
1134.95 -102.154
1135.15 -123.53
1135.35 -123.844
1135.54 -137.21
1135.74 -71.7849
1135.94 -98.0841
1136.14 -79.1348
1136.34 -129.68
1136.54 -98.2272
1136.74 -67.1968
1136.94 -110.526
1137.14 -67.3875
1137.34 -128.833
1137.54 -79.7308
1137.74 -85.8635
1137.93 -79.7446
1138.13 -110.337
1138.33 -104.215
1138.53 -79.7509
1150.28 -122.778
1150.48 -135.137
1150.68 -98.1769
1150.88 -92.0058
1151.08 -85.7937
1151.28 -110.711
1151.48 -66.7753
1151.68 -104.546
1151.88 -110.94
1152.08 -117.381
1152.27 -89.9521
1152.47 -143.852
1152.67 -193.207
1152.87 -177.584
1153.07 -236.771
1153.27 -371.103
1153.47 -345.788
1153.67 -506.264
1153.87 -754.398
1154.07 -693.491
1154.27 -580.456
1154.47 -899.367
1154.66 -1082.43
1154.86 -888.735
1155.06 -946.75
1155.26 -1025.03
1155.46 -1161.78
1155.66 -1102.44
1155.86 -985.651
1156.06 -823.511
1156.26 -748.739
1156.46 -638.976
1156.66 -602.574
1156.86 -369.689
1157.05 -321.949
1157.25 -267.243
1157.45 -329.064
1157.65 -215.11
1157.85 -178.872
1158.05 -143.982
1158.25 -144.035
1158.45 -110.795
1158.65 -52.5779
1158.85 -123.753
1159.05 -110.902
1159.25 -155.108
1159.44 -117.128
1159.64 -110.807
1159.84 -66.8257
1160.04 -117.068
1168.41 -79.4787
1168.61 -56.5858
1168.81 -50.8406
1169 -33.5964
1169.2 -79.548
1169.4 -33.5029
1169.6 -73.8203
1169.8 -56.4957
1170 -125.974
1170.2 -62.2419
1170.4 -62.216
1170.6 -91.4345
1170.8 -97.4034
1171 -56.1514
1171.2 -61.9726
1171.39 -97.8034
1171.59 -110.004
1171.79 -110.21
1171.99 -67.4596
1172.19 -79.6455
1172.39 -79.5494
1172.59 -104.493
1172.79 -117.105
1172.99 -91.9096
1173.19 -98.2159
1173.39 -104.541
1173.59 -142.45
1173.78 -85.6239
1173.98 -85.6782
1174.18 -98.2293
1174.38 -92.0008
1174.58 -85.8296
1174.78 -36.7364
1174.98 -134.716
1175.18 -61.5683
1175.38 -49.5691
1175.58 -79.8229
1175.78 -91.8483
1175.98 -79.8291
1176.17 -109.781
1176.37 -61.8716
1176.57 -91.7973
1176.77 -97.7831
1176.97 -91.8028
1177.17 -61.8589
1177.37 -85.8235
1177.57 -115.823
1177.77 -37.8004
1177.97 -61.7999
1178.17 -91.8559
1202.86 -97.1018
1203.06 -44.8241
1203.26 -33.2271
1203.46 -68.0511
1203.66 -62.2443
1203.86 -85.4893
1204.06 -79.6989
1204.26 -32.9231
1204.46 -85.6625
1204.66 -97.6285
1204.86 -25.7676
1205.05 -67.5829
1205.25 -116.823
1205.45 -117.212
1205.65 -156.29
1205.85 -177.057
1206.05 -184.874
1206.25 -206.542
1206.45 -235.829
1206.65 -200.455
1206.85 -252.046
1207.05 -185.023
1207.25 -237.442
1207.44 -206.911
1207.64 -222.063
1207.84 -191.631
1208.04 -169.221
1208.24 -229.954
1208.44 -266.955
1208.64 -207.74
1208.84 -193.145
1209.04 -185.701
1209.24 -116.848
1209.44 -157.114
1209.64 -52.842
1209.83 -104.52
1210.03 -122.682
1210.23 -115.846
1210.43 -50.3341
1210.63 -79.6421
1210.83 -50.8762
1211.03 -90.6432
1211.23 -56.7006
1211.43 -23.1941
1211.63 -62.2844
1211.83 -17.9098
1212.03 -34.5992
1212.22 -67.7591
1212.42 -62.2278
1212.62 -84.2229
1233.14 -22.6613
1233.34 -85.0785
1233.54 -85.2032
1233.73 -50.7256
1233.93 -97.3239
1234.13 -79.8291
1234.33 -92.0039
1234.53 -130.146
1234.73 -137.298
1234.93 -157.637
1235.13 -192.499
1235.33 -243.361
1235.53 -395.784
1235.73 -647.415
1235.93 -785.984
1236.12 -995.732
1236.32 -1202.19
1236.52 -1940.91
1236.72 -2052.4
1236.92 -2393.66
1237.12 -2879.39
1237.32 -3679.54
1237.52 -3435.26
1237.72 -3587.45
1237.92 -3885.23
1238.12 -4101.21
1238.32 -3825.22
1238.51 -3479.99
1238.71 -3954.93
1238.91 -3178.8
1239.11 -3119.82
1239.31 -2527.95
1239.51 -2303.28
1239.71 -1518.33
1239.91 -1385.59
1240.11 -1054.42
1240.31 -814.083
1240.51 -576.308
1240.71 -497.029
1240.91 -338.791
1241.1 -177.088
1241.3 -271.627
1241.5 -205.034
1241.7 -117.41
1241.9 -60.7888
1242.1 -61.6001
1242.3 -79.8193
1242.5 -73.8864
1242.7 -85.4994
1242.9 -44.9027
1243.1 -62.2821
1276.16 -40.6862
1276.36 -51.0495
1276.56 -56.32
1276.76 -51.1547
1276.96 -72.479
1277.15 -51.2395
1277.35 -40.234
1277.55 -34.2061
1277.75 -114.367
1277.95 -37.8729
1278.15 -85.7541
1278.35 -149.973
1278.55 -123.641
1278.75 -57.7522
1278.95 -200.178
1279.15 -236.843
1279.35 -338.839
1279.54 -320.965
1279.74 -463.229
1279.94 -585.129
1280.14 -701.927
1280.34 -821.512
1280.54 -702.476
1280.74 -860.574
1280.94 -860.823
1281.14 -814.019
1281.34 -795.208
1281.54 -601.387
1281.74 -629.837
1281.93 -620.877
1282.13 -584.625
1282.33 -471.75
1282.53 -330.16
1282.73 -219.402
1282.93 -252.565
1283.13 -222.49
1283.33 -228.562
1283.53 -150.899
1283.73 -156.965
1283.93 -98.1416
1284.13 -135.61
1284.32 -61.4503
1284.52 -85.8398
1284.72 -85.7713
1284.92 -62.064
1285.12 -115.114
1285.32 -32.73
1285.52 -79.7667
1285.72 -50.3576
1285.92 -85.6694
1327.55 -85.8368
1327.74 -79.8286
1327.94 -79.8291
1328.14 -25.9114
1328.34 -85.8133
1328.54 -32.012
1328.74 -55.9507
1328.94 -91.7442
1329.14 -85.7697
1329.34 -67.9411
1329.54 -62.0406
1329.74 -150.628
1329.94 -97.4124
1330.13 -97.3012
1330.33 -91.3383
1330.53 -44.9052
1330.73 -56.5563
1330.93 -79.4252
1331.13 -67.9797
1331.33 -101.515
1331.53 -45.6224
1331.73 -18.1985
1331.93 -73.075
1332.13 -62.0934
1332.33 -45.8384
1332.52 -83.5829
1332.72 -18.892
1332.92 -51.2409
1333.12 -29.5364
1333.32 -34.8651
1333.52 -34.7415
1333.72 -62.2531
1333.92 -51.1509
1334.12 -95.9507
1334.32 -67.9654
1334.52 -50.9933
1334.72 -79.4018
1334.91 -113.716
1335.11 -50.8655
1335.31 -39.3721
1335.51 -27.8637
1335.71 -50.8174
1335.91 -73.7908
1336.11 -68.0467
1336.31 -45.0901
1336.51 -50.8399
1336.71 -62.3121
1336.91 -50.8667
1337.11 -90.909
1337.3 -73.7445
1337.5 -85.1457
1372.76 -62.0087
1372.96 -13.3733
1373.16 -51.2376
1373.36 -29.1795
1373.55 -51.1156
1373.75 -73.7646
1373.95 -97.4969
1374.15 -104.263
1374.35 -168.759
1374.55 -184.653
1374.75 -164.566
1374.95 -237.449
1375.15 -346.76
1375.35 -471.469
1375.55 -488.128
1375.75 -776.323
1375.94 -899.415
1376.14 -974.714
1376.34 -1354.96
1376.54 -1959.55
1376.74 -1804.39
1376.94 -1867.51
1377.14 -2326.75
1377.34 -2182.73
1377.54 -2494.2
1377.74 -2349.11
1377.94 -2393.81
1378.14 -1984.55
1378.33 -2019.53
1378.53 -2094.53
1378.73 -1687.57
1378.93 -1457.65
1379.13 -1193.17
1379.33 -1034.6
1379.53 -776.644
1379.73 -629.927
1379.93 -506.053
1380.13 -346.873
1380.33 -275.626
1380.53 -178.53
1380.72 -150.883
1380.92 -123.975
1381.12 -136.003
1381.32 -73.7213
1381.52 -73.8842
1381.72 -50.5446
1381.92 -56.4366
1382.12 -44.6896
1382.32 -91.6369
1382.52 -61.6948
1382.72 -92.0039
1382.92 -142.884
1383.11 -156.987
1383.31 -116.759
1383.51 -129.454
1383.71 -215.02
1383.91 -199.972
1384.11 -337.161
1384.31 -173.141
1384.51 -354.859
1384.71 -420.097
1384.91 -354.859
1385.11 -404.309
1385.31 -337.974
1385.5 -354.643
1385.7 -420.664
1385.9 -298
1386.1 -274.613
1386.3 -409.387
1386.5 -329.591
1386.7 -267.525
1386.9 -258.882
1387.1 -178.867
1387.3 -109.771
1387.5 -117.329
1387.7 -162.329
1387.89 -60.8362
1388.09 -110.119
1388.29 -44.2744
1388.49 -50.6258
1388.69 -62.3168
1388.89 -79.2943
1389.09 -39.8796
1389.29 -101.337
1389.49 -23.3824
1389.69 -56.7228
1389.89 -62.2588
1390.09 -56.7222
1390.28 -67.7836
1396.66 -84.7597
1396.86 -51.0875
1397.06 -84.82
1397.26 -67.967
1397.46 -67.9961
1397.65 -56.6148
1397.85 -33.4503
1398.05 -68.0308
1398.25 -61.9315
1398.45 -61.4226
1398.65 -148.564
1398.85 -32.8645
1399.05 -171.023
1399.25 -213.793
1399.45 -164.088
1399.65 -229.912
1399.85 -220.903
1400.04 -274.347
1400.24 -412.617
1400.44 -454.789
1400.64 -454.256
1400.84 -620.375
1401.04 -513.894
1401.24 -620.975
1401.44 -801.332
1401.64 -593.901
1401.84 -594.06
1402.04 -594.142
1402.24 -479.686
1402.43 -454.492
1402.63 -404.079
1402.83 -412.453
1403.03 -378.781
1403.23 -360.807
1403.43 -229.964
1403.63 -265.377
1403.83 -192.641
1404.03 -191.322
1404.23 -104.216
1404.43 -117.416
1404.63 -78.568
1404.82 -156.701
1405.02 -90.3477
1405.22 -130.052
1405.42 -142.641
1405.62 -267.63
1405.82 -291.166
1406.02 -420.589
1406.22 -540.132
1406.42 -602.893
1406.62 -684.353
1406.82 -935.841
1407.02 -1033.53
1407.21 -1112.85
1407.41 -1311.38
1407.61 -1103.26
1407.81 -982.174
1408.01 -951.617
1408.21 -1052.66
1408.41 -1282.83
1408.61 -1113.5
1408.81 -772.416
1409.01 -927.989
1409.21 -832.472
1409.41 -702.303
1409.6 -514.84
1409.8 -446.299
1410 -387.458
1410.2 -244.577
1410.4 -244.741
1410.6 -185.919
1410.8 -130.568
1411 -149.56
1411.2 -48.7823
1411.4 -55.9949
1411.6 -125.896
1411.8 -34.0634
1411.99 -17.8197
1412.19 -45.7301
1412.39 -89.3516
1412.59 -89.141
1412.79 -18.8757
1412.99 -35.0952
1456.01 -79.6271
1456.21 -68.0533
1456.41 -102.754
1456.61 -96.9593
1456.81 -44.9392
1457.01 -44.952
1457.21 -85.3666
1457.41 -50.7546
1457.61 -45.0146
1457.81 -91.0512
1458 -50.8275
1458.2 -33.6862
1458.4 -50.9045
1458.6 -68.0154
1458.8 -67.9933
1459 -39.779
1459.2 -101.557
1459.4 -90.1593
1459.6 -40.1049
1459.8 -67.7276
1460 -40.2816
1460.2 -62.1296
1460.39 -67.5111
1460.59 -24.2015
1460.79 -13.435
1460.99 -72.8499
1461.19 -29.5928
1461.39 -89.2477
1461.59 -29.4241
1461.79 -45.7446
1461.99 -62.2298
1462.19 -56.7228
1462.39 -51.1464
1462.59 -79.1172
1462.78 -107.344
1462.98 -34.0783
1463.18 -90.6733
1463.38 -45.2755
1463.58 -73.7179
1463.78 -50.9121
1463.98 -28.0485
1464.18 -45.1688
1464.38 -90.9146
1464.58 -45.153
1464.78 -56.5942
1464.98 -62.3161
1465.17 -16.5452
1465.37 -90.9195
1465.57 -85.1952
1465.77 -85.191
1504.41 -45.8663
1504.61 -56.6467
1504.81 -40.3245
1505.01 -62.2406
1505.21 -51.1034
1505.41 -68.0348
1505.61 -44.5878
1505.81 -134.173
1506.01 -60.6803
1506.2 -163.028
1506.4 -123.658
1506.6 -114.809
1506.8 -296.98
1507 -260.056
1507.2 -322.569
1507.4 -488.41
1507.6 -445.132
1507.8 -728.918
1508 -785.684
1508.2 -804.592
1508.4 -1139.92
1508.59 -1093.41
1508.79 -1103.65
1508.99 -974.492
1509.19 -1262.76
1509.39 -1212.89
1509.59 -1103.66
1509.79 -848.649
1509.99 -899.042
1510.19 -680.651
1510.39 -702.138
1510.59 -666.139
1510.79 -647.034
1510.98 -608.789
1511.18 -420.837
1511.38 -211.221
1511.58 -206.52
1511.78 -281.59
1511.98 -200.237
1512.18 -137.135
1512.38 -150.655
1512.58 -143.514
1512.78 -149.335
1512.98 -98.2234
1513.18 -73.2258
1513.37 -104.428
1513.57 -92.0051
1513.77 -85.8204
1513.97 -42.5232
1514.17 -104.387
1533.69 -79.7594
1533.89 -73.8862
1534.09 -73.8853
1534.29 -50.4414
1534.49 -91.4769
1534.69 -44.5256
1534.89 -73.8887
1535.08 -97.5475
1535.28 -26.2265
1535.48 -115.888
1535.68 -85.8697
1535.88 -92.0054
1536.08 -110.796
1536.28 -59.6784
1536.48 -143.6
1536.68 -210.928
1536.88 -150.903
1537.08 -136.787
1537.28 -150.315
1537.48 -149.577
1537.67 -237.257
1537.87 -200.062
1538.07 -275.186
1538.27 -214.64
1538.47 -229.772
1538.67 -298.201
1538.87 -275.269
1539.07 -192.437
1539.27 -222.512
1539.47 -207.756
1539.67 -186.009
1539.87 -171.793
1540.06 -150.891
1540.26 -137.291
1540.46 -183.808
1540.66 -137.053
1540.86 -143.285
1541.06 -85.2365
1541.26 -98.1031
1541.46 -85.1626
1541.66 -149.914
1541.86 -137.119
1542.06 -130.603
1542.26 -110.317
1542.45 -171.385
1542.65 -123.289
1542.85 -129.965
1543.05 -115.795
1543.25 -192.814
1543.45 -192.784
1543.65 -220.543
1543.85 -123.221
1544.05 -103.027
1544.25 -144.044
1544.45 -143.843
1544.65 -110.923
1544.84 -72.7749
1545.04 -141.666
1545.24 -97.9867
1545.44 -79.8018
1545.64 -85.3968
1545.84 -79.3
1546.04 -73.3636
1546.24 -29.4288
1546.44 -35.1179
1546.64 -61.8103
1546.84 -40.6382
1547.04 -19.8251
1547.23 -51.0339
1547.43 -61.2799
1547.63 -30.4391
1547.83 -30.4771
1548.03 -40.6828
1548.23 -25.4648
1578.31 -50.5105
1578.5 -30.6744
1578.7 -30.6652
1578.9 -40.6243
1579.1 -45.6538
1579.3 -15.4416
1579.5 -30.4967
1579.7 -35.5235
1579.9 -45.8913
1580.1 -40.4955
1580.3 -51.2062
1580.5 -68.0106
1580.7 -91.5163
1580.89 -43.2503
1581.09 -180.292
1581.29 -182.841
1581.49 -164.372
1581.69 -185.73
1581.89 -135.683
1582.09 -207.738
1582.29 -162.169
1582.49 -313.853
1582.69 -283.392
1582.89 -299.031
1583.09 -314.776
1583.29 -243.972
1583.48 -267.688
1583.68 -306.719
1583.88 -237.193
1584.08 -229.9
1584.28 -244.705
1584.48 -178.766
1584.68 -164.763
1584.88 -103.243
1585.08 -123.974
1585.28 -148.973
1585.48 -79.7465
1585.68 -73.8879
1585.87 -85.1283
1586.07 -67.7676
1586.27 -51.2342
1586.47 -35.396
1586.67 -35.5388
1586.87 -20.3836
1587.07 -65.7416
1587.27 -50.5747
1587.47 -20.7819
1587.67 -1.10266
1587.87 -20.8688
1588.07 -55.2773
1589.86 -6.83731
1590.06 -49.9137
1590.26 -59.5442
1590.46 -21.135
1590.65 -40.3978
1590.85 -11.3813
1591.05 -25.8734
1591.25 -40.5224
1591.45 -35.6355
1591.65 -30.6379
1591.85 -0.143046
1592.05 -40.6873
1592.25 -72.1377
1592.45 -40.5062
1592.65 -95.1177
1592.85 -45.4603
1593.04 -45.0218
1593.24 -115.149
1593.44 -79.8232
1593.64 -73.5532
1593.84 -91.9738
1594.04 -161.696
1594.24 -130.21
1594.44 -97.9897
1594.64 -117.419
1594.84 -52.3692
1595.04 -91.4707
1595.24 -143.168
1595.43 -149.227
1595.63 -91.9215
1595.83 -42.3028
1596.03 -73.6451
1596.23 -73.821
1596.43 -73.8872
1596.63 -108.762
1596.83 -68.0469
1597.03 -90.781
1597.23 -51.0018
1597.43 -39.6818
1597.63 -56.6449
1597.82 -45.1448
1598.02 -39.1674
1598.22 -68.0385
1598.42 -62.0883
1598.62 -115.568
1598.82 -61.8107
1599.02 -55.649
1599.22 -73.7406
1599.42 -85.8675
1599.62 -85.8638
1599.82 -109.95
1600.02 -91.7881
1600.21 -73.884
1600.41 -56.3348
1600.61 -68.0527
1600.81 -45.2805
1601.01 -118.252
1601.21 -45.7021
1601.41 -34.9662
1601.61 -88.6708
1601.81 -51.1761
1602.01 -92.9156
1602.21 -35.5018
1602.41 -71.5405
1602.6 -35.5739
1602.8 -35.5909
1603 -66.0778
1603.2 -5.18461
1603.4 -35.6101
1603.6 -25.4859
1603.8 -40.674
1604 -20.4207
1604.2 -10.2825
1656.38 -25.9269
1656.58 -25.9193
1656.78 -56.5189
1656.98 -34.6996
1657.18 -8.31547
1657.38 -12.618
1657.58 -12.4254
1657.78 -26.0468
1657.97 -16.3597
1658.17 -25.6653
1658.37 -30.2455
1658.57 -51.2315
1658.77 -85.2917
1658.97 -55.6483
1659.17 -110.886
1659.37 -104.06
1659.57 -102.483
1659.77 -200.367
1659.97 -207.681
1660.17 -244.973
1660.36 -244.378
1660.56 -346.643
1660.76 -274.373
1660.96 -289.954
1661.16 -453.003
1661.36 -379.483
1661.56 -476.958
1661.76 -363.001
1661.96 -306.91
1662.16 -283.398
1662.36 -283.024
1662.56 -229.883
1662.75 -150.327
1662.95 -116.633
1663.15 -104.32
1663.35 -135.532
1663.55 -91.5134
1663.75 -40.1526
1663.95 -35.5131
1664.15 -59.7143
1664.35 -30.5294
1664.55 -29.8875
1664.75 2.54381
1664.95 -9.4718
1665.15 -2.42567
1665.34 -6.05876
1665.54 -9.3562
1665.74 -9.2584
1665.94 -15.3377
1666.14 6.03913
1679.09 -9.25376
1679.29 -12.427
1679.49 0.258833
1679.68 -15.6542
1679.88 -2.88965
1680.08 -9.32417
1680.28 0.440623
1680.48 -19.3459
1680.68 0.704364
1680.88 0.921961
1681.08 -5.92669
1681.28 -2.07519
1681.48 -13.2397
1681.68 -9.19976
1681.88 -17.2686
1682.07 -34.688
1682.27 -30.6147
1682.47 -2.2513
1682.67 -20.8645
1682.87 -66.0804
1683.07 -61.5373
1683.27 -45.8822
1683.47 -40.3893
1683.67 -78.6703
1683.87 -34.6192
1684.07 -67.7863
1684.27 -29.1705
1684.46 -62.151
1684.66 -24.3415
1684.86 -66.9887
1685.06 -61.2674
1685.26 -35.6358
1685.46 -35.5793
1685.66 -30.6964
1685.86 -17.0753
1686.06 -12.9662
1686.26 -17.2628
1686.46 -9.31906
1686.66 1.84623
1686.85 -16.7536
1687.05 -9.49332
1687.25 4.20224
1687.45 -2.73539
1687.65 -25.7855
1687.85 -6.09381
1688.05 -9.304
1688.25 -2.90476
1688.45 -6.09188
1688.65 -2.92626
1688.85 -9.24805
1724.7 -0.493687
1724.9 -0.415409
1725.1 -5.90966
1725.29 -9.08763
1725.49 -9.39312
1725.69 -16.7899
1725.89 -13.2007
1726.09 -21.5291
1726.29 -50.5434
1726.49 -40.3029
1726.69 -67.896
1726.89 -20.541
1727.09 -150.874
1727.29 -229.879
1727.49 -338.045
1727.68 -289.332
1727.88 -497.506
1728.08 -585.249
1728.28 -656.86
1728.48 -767.096
1728.68 -899.361
1728.88 -985.973
1729.08 -1202.62
1729.28 -1183.17
1729.48 -1133.01
1729.68 -1323.54
1729.88 -1263.12
1730.07 -1073.87
1730.27 -976.017
1730.47 -1034.23
1730.67 -993.565
1730.87 -813.174
1731.07 -549.416
1731.27 -497.623
1731.47 -354.597
1731.67 -338.568
1731.87 -199.948
1732.07 -136.446
1732.27 -117.356
1732.46 -104.302
1732.66 -79.3822
1732.86 -35.4245
1733.06 -35.5569
1733.26 -12.7126
1733.46 -21.3488
1733.66 -13.2338
1733.86 -2.26865
1734.06 -6.01287
1734.26 -6.06491
1734.46 -16.0111
1759.55 3.86497
1759.75 2.46333
1759.95 -19.6471
1760.15 -25.4029
1760.35 -21.1954
1760.55 -67.7042
1760.75 -123.042
1760.95 -178.515
1761.14 -222.276
1761.34 -346.644
1761.54 -576.357
1761.74 -851.725
1761.94 -1352.08
1762.14 -1592.85
1762.34 -2106.88
1762.54 -2538.72
1762.74 -3014.49
1762.94 -4113.25
1763.14 -4954.48
1763.34 -6029.7
1763.53 -6360.99
1763.73 -6808.25
1763.93 -7889.54
1764.13 -8231.77
1764.33 -8536.11
1764.53 -8934.46
1764.73 -9158.94
1764.93 -7770.36
1765.13 -7758.29
1765.33 -6783.93
1765.53 -6284.76
1765.73 -4951.55
1765.92 -4818.38
1766.12 -3516.17
1766.32 -3121.04
1766.52 -2360.24
1766.72 -1900.85
1766.92 -1724.55
1767.12 -1015.29
1767.32 -887.119
1767.52 -411.031
1767.72 -483.976
1767.92 -192.708
1768.12 -157.724
1768.32 -79.5724
1768.51 -84.8255
1768.71 -10.1611
1768.91 -21.431
1769.11 -0.286588
1769.31 -29.0742
1833.44 -12.5463
1833.64 -2.86591
1833.84 -9.32933
1834.04 -9.34203
1834.24 -12.6336
1834.44 -9.39088
1834.64 -2.71349
1834.84 -6.03867
1835.04 -5.97635
1835.23 -9.49705
1835.43 -9.4428
1835.63 -1.40658
1835.83 -13.1385
1836.03 -30.2104
1836.23 -48.7799
1836.43 -21.2234
1836.63 -30.6606
1836.83 -19.9562
1837.03 -61.9747
1837.23 -67.8047
1837.43 -45.2604
1837.62 -97.1057
1837.82 -97.5117
1838.02 -67.884
1838.22 -115.87
1838.42 -49.7708
1838.62 -121.722
1838.82 -44.2451
1839.02 -56.3576
1839.22 -62.3152
1839.42 -67.8789
1839.62 -67.4794
1839.82 -19.7674
1840.01 -15.5676
1840.21 -35.5494
1840.41 -67.1595
1840.61 -4.18775
1840.81 -9.03704
1841.01 -13.2425
1841.21 5.36066
1841.41 4.65487
1841.61 0.73112
1841.81 7.01397
1842.01 -6.09315
1842.21 -6.08412
1842.4 -6.07624
1842.6 -15.3714
1842.8 3.31864
1843 -9.3068
1843.2 -2.73793
1843.4 -9.49482
1843.6 -28.2369
1843.8 -33.4522
1844 -30.3419
1844.2 -54.6555
1844.4 -51.0595
1844.6 -84.7837
1844.79 -79.8163
1844.99 -65.7246
1845.19 -89.1658
1845.39 -200.444
1845.59 -267.77
1845.79 -417.654
1845.99 -297.554
1846.19 -513.891
1846.39 -497.606
1846.59 -355.24
1846.79 -629.962
1846.99 -684.322
1847.18 -794.229
1847.38 -647.534
1847.58 -766.876
1847.78 -656.979
1847.98 -774.534
1848.18 -505.032
1848.38 -628.596
1848.58 -506.025
1848.78 -462.497
1848.98 -226.343
1849.18 -206.086
1849.38 -311.14
1849.57 -115.649
1849.77 -90.8713
1849.97 -73.4008
1850.17 -62.2856
1850.37 -40.5602
1850.57 -45.3915
1850.77 -12.6119
1850.97 -21.3234
1851.17 -9.47511
1851.37 -9.45684
1851.57 -6.09004
1851.77 -0.0879213
1851.96 -8.72431
1852.16 -3.08673
1852.36 -3.07248
1868.3 -15.9714
1868.5 0.507773
1868.69 -2.78323
1868.89 -16.0175
1869.09 -2.75425
1869.29 -12.7675
1869.49 0.693401
1869.69 -6.0422
1869.89 -19.9103
1870.09 -9.49908
1870.29 -20.4002
1870.49 -1.9864
1870.69 -13.2409
1870.89 -5.23947
1871.08 -17.27
1871.28 -38.6662
1871.48 -3.80197
1871.68 -16.885
1871.88 -35.4597
1872.08 -21.0525
1872.28 -5.89683
1872.48 -30.572
1872.68 -45.8048
1872.88 -35.5224
1873.08 -45.8634
1873.27 -40.6799
1873.47 -35.5332
1873.67 -35.5845
1873.87 -30.6017
1874.07 -70.1414
1874.27 -25.9386
1874.47 -49.4491
1874.67 -35.1176
1874.87 -21.5499
1875.07 -17.2608
1875.27 -29.4831
1875.47 -28.9455
1875.66 -1.86239
1875.86 -9.49186
1876.06 -13.0512
1876.26 -6.01972
1876.46 0.703097
1876.66 7.20044
1876.86 3.72742
1877.06 -2.85759
1877.26 -6.09426
1877.46 -9.28254
1877.66 -6.09194
1877.86 -6.09061
1878.05 -15.5561
2113.65 0.278444
2113.85 -2.18587
2114.05 1.22948
2114.25 1.2403
2114.45 3.14794
2114.65 1.55501
2114.85 2.00154
2115.05 -3.06883
2115.25 -6.07442
2115.45 -1.8776
2115.64 -0.386305
2115.84 -16.7491
2116.04 -5.23395
2116.24 -40.3236
2116.44 -56.397
2116.64 -73.5125
2116.84 -143.303
2117.04 -123.8
2117.24 -206.74
2117.44 -128.358
2117.64 -200.349
2117.83 -192.337
2118.03 -267.849
2118.23 -252.524
2118.43 -275.633
2118.63 -376.061
2118.83 -252.538
2119.03 -222.149
2119.23 -237.459
2119.43 -229.824
2119.63 -272.162
2119.83 -241.387
2120.03 -130.582
2120.22 -110.944
2120.42 -73.5952
2120.62 -56.4605
2120.82 -51.2402
2121.02 -45.7222
2121.22 -26.0453
2121.42 -17.2541
2121.62 -9.39319
2121.82 -9.47612
2122.02 -6.07193
2122.22 -8.58655
2122.42 -7.91188
2122.61 -2.80895
2122.81 1.45796
2123.01 3.25357
2123.21 1.3147
2123.41 1.28811
2199.08 1.22756
2199.28 -3.91075
2199.48 1.55688
2199.68 -3.07052
2199.88 -2.92415
2200.08 -9.46463
2200.28 -17.2152
2200.48 -11.0726
2200.68 -56.7099
2200.88 -97.9539
2201.07 -110.812
2201.27 -115.074
2201.47 -343.353
2201.67 -274.742
2201.87 -370.487
2202.07 -567.492
2202.27 -684.353
2202.47 -870.718
2202.67 -820.972
2202.87 -1282.59
2203.07 -1446.12
2203.26 -1467.97
2203.46 -1540.66
2203.66 -1592.77
2203.86 -1687.57
2204.06 -1698.13
2204.26 -1634.68
2204.46 -1719.06
2204.66 -1467.64
2204.86 -1478.26
2205.06 -1476.45
2205.26 -1342.13
2205.46 -927.889
2205.65 -861.242
2205.85 -447.1
2206.05 -453.302
2206.25 -446.234
2206.45 -290.854
2206.65 -290.242
2206.85 -185.908
2207.05 -137.046
2207.25 -103.817
2207.45 -56.6634
2207.65 -30.7519
2207.85 -17.2677
2208.04 -2.37224
2208.24 -0.142848
2208.44 -7.46157
2208.64 1.27445
2208.84 2.38297
2288.49 2.173
2288.69 3.76728
2288.89 1.41142
2289.09 2.61196
2289.29 1.68074
2289.49 2.00276
2289.69 2.00827
2289.89 0.0601467
2290.08 2.2115
2290.28 2.46585
2290.48 -0.35408
2290.68 1.42768
2290.88 1.78927
2291.08 2.35064
2291.28 -9.12147
2291.48 -6.06327
2291.68 -5.82646
2291.88 -21.0934
2292.08 -29.7455
2292.28 -25.9059
2292.47 -26.0367
2292.67 -44.6955
2292.87 -40.2825
2293.07 -59.758
2293.27 -16.1279
2293.47 -6.37919
2293.67 -21.0695
2293.87 -35.5258
2294.07 -26.0397
2294.27 -39.6658
2294.47 -8.42124
2294.66 -21.4488
2294.86 -17.1866
2295.06 1.58996
2295.26 -6.05019
2295.46 -6.07423
2295.66 2.41743
2295.86 -2.95786
2296.06 3.48157
2296.26 2.9088
2296.46 2.50006
2296.66 2.23272
2296.86 0.462895
2297.05 2.2246
2297.25 1.92511
2297.45 1.70202
2297.65 1.53918
2297.85 1.42268
2298.05 1.34096
2298.25 2.16991
2442.8 2.00336
2443 1.29477
2443.2 2.82348
2443.4 2.34283
2443.6 -0.260506
2443.8 -8.37805
2444 -0.544536
2444.2 2.81446
2444.4 -30.0631
2444.6 -21.0755
2444.8 -17.165
2444.99 -6.59372
2445.19 -30.1326
2445.39 -51.0335
2445.59 -85.8392
2445.79 -104.546
2445.99 -143.9
2446.19 -199.324
2446.39 -207.485
2446.59 -237.195
2446.79 -199.794
2446.99 -252.561
2447.18 -252.295
2447.38 -306.889
2447.58 -385.754
2447.78 -346.355
2447.98 -283.335
2448.18 -291.188
2448.38 -183.303
2448.58 -290.366
2448.78 -252.079
2448.98 -265.154
2449.18 -157.799
2449.38 -137.294
2449.57 -66.1237
2449.77 -37.283
2449.97 -5.17944
2450.17 -45.8857
2450.37 -25.8087
2450.57 -34.94
2450.77 -1.20929
2450.97 -2.45028
2451.17 -6.05136
2451.37 2.03432
2451.57 3.51986
2451.76 -1.91305
2451.96 3.54713
2452.16 1.40515
2452.36 2.04946
2452.56 2.00665
