656.185 -454.123
656.384 -602.238
656.583 -540.961
656.782 -711.659
656.981 -956.714
657.18 -1263.08
657.379 -2304.96
657.579 -4004.83
657.778 -7784.56
657.977 -13993.6
658.176 -25887.3
658.375 -45803
658.574 -77269.8
658.773 -130529
658.972 -206727
659.171 -316164
659.37 -476438
659.569 -673557
659.768 -947664
659.967 -1.26199e+06
660.166 -1.64657e+06
660.365 -2.06818e+06
660.564 -2.51318e+06
660.763 -2.96129e+06
660.962 -3.37443e+06
661.162 -3.70492e+06
661.361 -3.97267e+06
661.56 -4.10738e+06
661.759 -4.11672e+06
661.958 -3.97564e+06
662.157 -3.70911e+06
662.356 -3.36509e+06
662.555 -2.96015e+06
662.754 -2.50493e+06
662.953 -2.05715e+06
663.152 -1.64447e+06
663.351 -1.25777e+06
663.55 -933650
663.749 -678271
663.948 -459935
664.147 -312033
664.346 -199695
664.546 -125801
664.745 -74062.9
664.944 -43819.6
665.143 -24797.8
665.342 -12940.7
665.541 -6771.44
665.74 -3411.98
665.939 -1530.26
666.138 -693.408
666.337 -345.049
666.536 -117.073
666.735 -40.3367
666.934 -15.8536
667.133 -0.407398
667.332 1.89963
667.531 2.39796
667.73 0.509646
667.929 0.3107
668.129 4.55138
668.328 0.199251
668.527 0.187393
668.726 0.183038
668.925 0.181487
669.124 0.180951
669.323 0.180771
669.522 0.180713
669.721 0.180694
669.92 0.180689
