41.6214 -4781.84
41.8204 -4316.9
42.0194 -4451.52
42.2185 -4708.38
42.4175 -4292.63
42.6165 -4781.71
42.8156 -4696.12
43.0146 -5270.85
43.2136 -4842.99
43.4127 -4843.2
43.6117 -5494.16
43.8107 -5435.12
44.0098 -5065.69
44.2088 -5539.07
44.4078 -6157.35
44.6069 -6990.35
44.8059 -8689.9
45.0049 -9148.84
45.204 -10839.8
45.403 -13387.4
45.602 -14999.6
45.8011 -17266.3
46.0001 -19071.1
46.1991 -20261.3
46.3982 -21592.5
46.5972 -20288.4
46.7962 -20556.4
46.9953 -18865.6
47.1943 -17367.6
47.3933 -14969.2
47.5924 -14513.1
47.7914 -11250.2
47.9904 -10023.2
48.1895 -8205.39
48.3885 -7029.45
48.5875 -5483.77
48.7866 -5476.46
48.9856 -4607.45
49.1846 -4008
49.3837 -4463.89
49.5827 -4403.28
49.7817 -4123.81
49.9808 -3820.51
50.1798 -4148.46
50.3788 -4269.81
50.5779 -4087.3
50.7769 -4037.82
50.976 -4072.89
51.175 -5064.39
51.374 -4707.51
51.5731 -5164.82
51.7721 -5388.38
51.9711 -6550.36
52.1702 -6271.44
52.3692 -6770.92
52.5682 -7457.89
52.7673 -7718.95
52.9663 -8126.3
53.1653 -8522.38
53.3644 -8403.41
53.5634 -7665.69
53.7624 -8229.42
53.9615 -7548.4
54.1605 -6411.23
54.3595 -6373.91
54.5586 -5702.25
54.7576 -5064.62
54.9566 -4929.71
55.1557 -5101.1
55.3547 -4488.5
55.5538 -4172.73
55.7528 -4802.5
55.9518 -4439.05
56.1509 -4281.97
56.3499 -4209.58
56.5489 -3812.38
56.748 -4377.88
56.947 -4005.02
57.146 -4137.28
57.3451 -4173.31
57.5441 -4341.49
57.7431 -4185.27
57.9422 -4125.2
58.1412 -4641.42
181.351 -11939.7
181.55 -11373.8
181.749 -11829.2
181.948 -11194.6
182.147 -11663.7
182.346 -11056.8
182.545 -11787.8
182.745 -11208.6
182.944 -11953.3
183.143 -11925.9
183.342 -12506.2
183.541 -11939.9
183.74 -12161.5
183.939 -12480.8
184.138 -13220.7
184.337 -14501.3
184.536 -15539.7
184.735 -15411.1
184.934 -17483.8
185.133 -19276.2
185.332 -20128
185.531 -22426.6
185.73 -22919.2
185.929 -23803.6
186.129 -23273.9
186.328 -25144.8
186.527 -24029.6
186.726 -24192
186.925 -21504
187.124 -20806.4
187.323 -18778.7
187.522 -17454
187.721 -15269.9
187.92 -13880.1
188.119 -13809.9
188.318 -12508.7
188.517 -13131.1
188.716 -11691.2
188.915 -11085.6
189.114 -10907.6
189.313 -11374
189.513 -10593.1
189.712 -11277.6
189.911 -10716.6
190.11 -10976.5
190.309 -10962.8
190.508 -10593.8
190.707 -10402.5
190.906 -10990
191.105 -10443.7
237.088 -6170.22
237.288 -6462.76
237.487 -5750.65
237.686 -5839.75
237.885 -6182.94
238.084 -6144.82
238.283 -6068.58
238.482 -6754.97
238.681 -5890.3
238.88 -6947.63
239.079 -6719.28
239.278 -6501.48
239.477 -6796.27
239.676 -7679.86
239.875 -8509.58
240.074 -9632.05
240.274 -10976.1
240.473 -13500.7
240.672 -15313
240.871 -17337.9
241.07 -21147
241.269 -22351
241.468 -25145.3
241.667 -25625.9
241.866 -27882.8
242.065 -27729.8
242.264 -27821
242.463 -25569
242.662 -23624
242.861 -22081.5
243.061 -19362
243.26 -16142.5
243.459 -14456.6
243.658 -10837.3
243.857 -9537.29
244.056 -8124.93
244.255 -7927.92
244.454 -7171.13
244.653 -6731.74
244.852 -6182.83
245.051 -5992.43
245.25 -5198.77
245.449 -5915.85
245.648 -5626.89
245.847 -5476.41
246.047 -5488.98
246.246 -5376.31
246.445 -5626.68
246.644 -5388.91
246.843 -5188.85
254.009 -4241.21
254.208 -5003.28
254.407 -4954.06
254.606 -4745.26
254.806 -4831.18
255.005 -4769.8
255.204 -4610.34
255.403 -4892.39
255.602 -4352.98
255.801 -4794.26
256 -5186.44
256.199 -4794.28
256.398 -4487.71
256.597 -4818.91
256.796 -4855.84
256.995 -4929.76
257.194 -4707.62
257.393 -5239.06
257.593 -5413.32
257.792 -5700.52
257.991 -5038.8
258.19 -4936.98
258.389 -5576.57
258.588 -5500.76
258.787 -5903.88
258.986 -6092.77
259.185 -5878.39
259.384 -5651.98
259.583 -5689.04
259.782 -4952.99
259.981 -5400.54
260.18 -4868.05
260.379 -5052.64
260.579 -4549.17
260.778 -4537.25
260.977 -4573.81
261.176 -4683
261.375 -4342.71
261.574 -4160.91
261.773 -4003.65
261.972 -4257.97
262.171 -4124.98
262.37 -3955.86
262.569 -4463.31
262.768 -4559.78
262.967 -4402.74
263.166 -4113.16
263.366 -3860
263.565 -4101.16
263.764 -4330.05
269.935 -3813.51
270.134 -3909.35
270.333 -4136.8
270.532 -3969.21
270.731 -3981.17
270.93 -3897.44
271.129 -3861.58
271.328 -4052.85
271.527 -3993.07
271.727 -3670.42
271.926 -3921.36
272.125 -3801.84
272.324 -3993.11
272.523 -3849.55
272.722 -4196.83
272.921 -3837.16
273.12 -4125.26
273.319 -4040.89
273.518 -4451.37
273.717 -4039.66
273.916 -5035.62
274.115 -4817.67
274.314 -4940.4
274.514 -4598.29
274.713 -4720.68
274.912 -4561.57
275.111 -4427.24
275.31 -4464.13
275.509 -3953.62
275.708 -3821.87
275.907 -4101.07
276.106 -4473.74
276.305 -3861.48
276.504 -4088.31
276.703 -3742.63
276.902 -3813.8
277.102 -3872.71
277.301 -4085.08
277.5 -3163.72
277.699 -3281.99
277.898 -3270.3
278.097 -3730.2
278.296 -3635.87
278.495 -3400.05
278.694 -3777.38
278.893 -3459
279.092 -3683.05
279.291 -3494.38
279.49 -3753.77
279.689 -3506.18
279.889 -3730.12
280.088 -3482.64
280.287 -3447.31
280.486 -3565.1
280.685 -3565.08
280.884 -3694.52
281.083 -3541.52
281.282 -3341.57
281.481 -3141.76
281.68 -3294.66
281.879 -3799.91
282.078 -3306.53
282.277 -3541.38
290.24 -3178.86
290.439 -3340.69
290.639 -2912.99
290.838 -2843.66
291.037 -2924.54
291.236 -3132.61
291.435 -3051.58
291.634 -3411.17
291.833 -3668.54
292.032 -3435.69
292.231 -3790.19
292.43 -4124.71
292.629 -4755.74
292.828 -6412.34
293.027 -7955.01
293.227 -10893.9
293.426 -13993.8
293.625 -18981
293.824 -22155.9
294.023 -28556.4
294.222 -34620.9
294.421 -43939.9
294.62 -46482
294.819 -51660.3
295.018 -53463.5
295.217 -56612.6
295.416 -56230.9
295.615 -50595.7
295.815 -46141.1
296.014 -41606.1
296.213 -35390.3
296.412 -28725.1
296.611 -23413.9
296.81 -18049.8
297.009 -14600.4
297.208 -11139.5
297.407 -8034.08
297.606 -5940.74
297.805 -5016.26
298.004 -4125.23
298.203 -3695.14
298.402 -3447.02
298.602 -3155.73
298.801 -2890.66
299 -3039.75
299.199 -2822.22
299.398 -2708.08
299.597 -3118.92
299.796 -2628.41
299.995 -2799.47
300.194 -2708.31
346.978 -1296.89
347.177 -1677.02
347.376 -1624.28
347.575 -1560.98
347.774 -1835.38
347.973 -1560.58
348.173 -1878.8
348.372 -1933.06
348.571 -2390.47
348.77 -2717.6
348.969 -3040.19
349.168 -4101.12
349.367 -5764.79
349.566 -7955.19
349.765 -11360.6
349.964 -15282.8
350.163 -21115.9
350.362 -30542.2
350.562 -40342.6
350.761 -48362.8
350.96 -59963.5
351.159 -70993.7
351.358 -78548.6
351.557 -88332
351.756 -90408.2
351.955 -98199.6
352.154 -93681.8
352.353 -88175.4
352.552 -78672.3
352.751 -68644.1
352.951 -57672.7
353.15 -48702.2
353.349 -36271.1
353.548 -28815.4
353.747 -20467.8
353.946 -14077.7
354.145 -9942.16
354.344 -6757.8
354.543 -4781.87
354.742 -3435.64
354.941 -2685.7
355.14 -1823.74
355.34 -1888.98
355.539 -1592.72
355.738 -1395.87
355.937 -1252.84
356.136 -1405.71
356.335 -1567.62
356.534 -1283.78
356.733 -990.777
381.818 -1083.77
382.017 -1212.73
382.216 -1113.53
382.415 -905.248
382.614 -1242.47
382.814 -1173.04
383.013 -1212.71
383.212 -1024.27
383.411 -1212.73
383.61 -1182.99
383.809 -1083.73
384.008 -1014.11
384.207 -1232.86
384.406 -1153.24
384.605 -1293.16
384.804 -1132.95
385.003 -1122.44
385.203 -1395.22
385.402 -1446.66
385.601 -1365.14
385.8 -1498.96
385.999 -1519.85
386.198 -1665.97
386.397 -1540.4
386.596 -1497.87
386.795 -1772.14
386.994 -1751.1
387.193 -1687.5
387.393 -1698.06
387.592 -1347.37
387.791 -1900.01
387.99 -1953.25
388.189 -2080.96
388.388 -1921.37
388.587 -1740.53
388.786 -1358.37
388.985 -1751.09
389.184 -1582.05
389.383 -1802.93
389.583 -1436.2
389.782 -1623.61
389.981 -1467.96
390.18 -1385.64
390.379 -1182.07
390.578 -1202.94
390.777 -1263.45
390.976 -943.109
391.175 -1173.18
391.374 -1163.19
391.573 -1232.58
391.773 -1024.39
391.972 -965.088
392.171 -1212.46
392.37 -1291.52
392.569 -955.392
392.768 -1390.26
392.967 -1054.25
393.166 -1093.78
393.365 -1212.33
393.564 -1083.9
393.763 -965.369
449.908 -460.257
450.107 -415.667
450.306 -665.52
450.505 -638.746
450.704 -656.577
450.904 -522.804
451.103 -656.568
451.302 -522.8
451.501 -531.699
451.7 -576.288
451.899 -799.657
452.098 -665.718
452.297 -710.715
452.496 -674.993
452.695 -982.777
452.895 -547.819
453.094 -785.141
453.293 -665.584
453.492 -692.791
453.691 -729.525
453.89 -927.654
454.089 -966.234
454.288 -1004.98
454.487 -1043.83
454.686 -928.099
454.886 -947.42
455.085 -985.977
455.284 -880.2
455.483 -737.294
455.682 -605.765
455.881 -1029.94
456.08 -730.13
456.279 -776.334
456.478 -702.631
456.677 -638.923
456.877 -548.857
457.076 -549.258
457.275 -504.863
457.474 -469.542
457.673 -549.728
457.872 -656.177
458.071 -487.803
458.27 -647.186
458.469 -452.502
458.668 -558.679
458.867 -638.311
459.067 -558.67
459.266 -744.727
459.465 -576.374
459.664 -469.655
459.863 -576.311
460.062 -558.304
460.261 -674.927
460.46 -819.786
460.659 -684.327
460.858 -592.828
461.058 -960.43
461.257 -702.455
461.456 -776.634
461.655 -804.655
461.854 -823.403
462.053 -729.829
462.252 -785.985
462.451 -730.05
462.65 -683.795
462.849 -841.003
463.049 -711.825
463.248 -502.129
463.447 -575.603
463.646 -513.043
463.845 -683.555
464.044 -576.346
464.243 -647.293
464.442 -585.201
464.641 -611.595
464.84 -699.495
465.04 -409.285
465.239 -567.46
465.438 -497.25
465.637 -541.124
465.836 -523.591
466.035 -584.943
466.234 -506.08
466.433 -593.677
466.632 -532.367
466.831 -549.877
475.592 -471.415
475.791 -513.381
475.99 -404.244
476.189 -479.775
476.388 -404.251
476.587 -353.912
476.787 -538.504
476.986 -437.819
477.185 -395.827
477.384 -328.492
477.583 -581.159
477.782 -539.341
477.981 -454.789
478.18 -429.077
478.379 -385.523
478.578 -401.719
478.778 -470.609
478.977 -736.86
479.176 -693.182
479.375 -638.6
479.574 -804.278
479.773 -954.224
479.972 -776.423
480.171 -813.986
480.37 -842.359
480.569 -757.04
480.769 -776.261
480.968 -1001.83
481.167 -860.363
481.366 -601.407
481.565 -738.846
481.764 -540.256
481.963 -576.374
482.162 -401.304
482.361 -445.799
482.561 -446.185
482.76 -471.75
482.959 -387.281
483.158 -530.091
483.357 -387.58
483.556 -354.246
483.755 -345.951
483.954 -395.985
484.153 -354.182
484.352 -395.895
484.552 -421.009
484.751 -395.466
484.95 -531.666
485.149 -514.901
485.348 -602.365
485.547 -496.508
485.746 -521.872
485.945 -666.063
486.144 -683.837
486.343 -1039.5
486.543 -709.493
486.742 -966.378
486.941 -937.791
487.14 -966.669
487.339 -899.36
487.538 -870.755
487.737 -823.404
487.936 -795.333
488.135 -887.646
488.335 -656.979
488.534 -638.946
488.733 -576.372
488.932 -410.335
489.131 -540.601
489.33 -437.786
489.529 -538.906
489.728 -354.15
489.927 -371.081
490.126 -536.815
490.326 -379.506
490.525 -486.678
490.724 -420.687
490.923 -428.878
491.122 -313.766
491.321 -412.39
491.52 -231.695
491.719 -445.204
491.918 -371.316
492.117 -371.317
575.146 -298.947
575.345 -205.696
575.544 -275.629
575.743 -399.803
575.942 -322.172
576.142 -213.61
576.341 -275.634
576.54 -283.385
576.739 -314.396
576.938 -213.558
577.137 -244.536
577.336 -330.161
577.535 -244.241
577.734 -330.539
577.934 -322.786
578.133 -306.764
578.332 -379.334
578.531 -379.526
578.73 -437.654
578.929 -429.405
579.128 -471.839
579.327 -610.231
579.527 -436.122
579.726 -505.812
579.925 -585.232
580.124 -647.319
580.323 -514.413
580.522 -417.783
580.721 -689.626
580.92 -601.319
581.119 -395.088
581.319 -387.44
581.518 -470.354
581.717 -257.591
581.916 -330.792
582.115 -291.191
582.314 -260.156
582.513 -222.02
582.712 -245.008
582.911 -342.503
583.111 -229.962
583.31 -207.649
583.509 -192.844
583.708 -185.45
583.907 -296.659
584.106 -267.047
584.305 -155.618
584.504 -185.29
584.704 -215.05
584.903 -229.963
585.102 -222.493
585.301 -200.058
585.5 -200.047
585.699 -229.964
585.898 -274.839
586.097 -222.487
586.296 -177.65
586.496 -259.841
586.695 -229.963
586.894 -155.368
587.093 -244.867
587.292 -259.75
587.491 -237.396
587.69 -229.949
587.889 -274.53
588.088 -229.938
604.416 -185.946
604.615 -244.142
604.814 -222.428
605.013 -170.464
605.213 -336.286
605.412 -283.275
605.611 -354.611
605.81 -523.437
606.009 -832.933
606.208 -1263.36
606.407 -1986.84
606.606 -3155.35
606.805 -5883.84
607.005 -8033.28
607.204 -10866.1
607.403 -15612.2
607.602 -21726.8
607.801 -28402.6
608 -37186.4
608.199 -46142.5
608.398 -54468.2
608.598 -65240.7
608.797 -71061
608.996 -76961.4
609.195 -78073.3
609.394 -76737.7
609.593 -76433.6
609.792 -72078.3
609.991 -66150.6
610.19 -56977.3
610.39 -45374.1
610.589 -40057.1
610.788 -30867.7
610.987 -24194.4
611.186 -17585.2
611.385 -12995.3
611.584 -8018.71
611.783 -5777.82
611.983 -3695.18
612.182 -2071.26
612.381 -1571.7
612.58 -841.279
612.779 -638.95
612.978 -345.172
613.177 -322.809
613.376 -198.789
613.575 -259.892
613.775 -274.027
613.974 -178.551
614.173 -265.847
656.785 -81.5562
656.984 -192.459
657.183 -171.665
657.382 -130.097
657.581 -123.175
657.78 -123.18
657.98 -213.205
658.179 -143.957
658.378 -150.881
658.577 -102.379
658.776 -116.208
658.975 -213.329
659.174 -164.755
659.373 -234.417
659.573 -108.894
659.772 -241.857
659.971 -221.045
660.17 -171.79
660.369 -207.287
660.568 -186.006
660.767 -229.058
660.966 -149.966
661.166 -200.442
661.365 -193.195
661.564 -215.016
661.763 -222.349
661.962 -163.819
662.161 -141.527
662.36 -163.201
662.559 -259.962
662.759 -237.337
662.958 -322.421
663.157 -395.031
663.356 -462.362
663.555 -574.801
663.754 -478.635
663.953 -711.833
664.152 -795.016
664.352 -1093.17
664.551 -1232.94
664.75 -1233.01
664.949 -1601.73
665.148 -1540.64
665.347 -1467.57
665.546 -1582.41
665.745 -1540.63
665.945 -1385.57
666.144 -1060.56
666.343 -1133.34
666.542 -762.448
666.741 -993.712
666.94 -812.604
667.139 -629.463
667.338 -429.196
667.538 -404.152
667.737 -251.548
667.936 -244.943
668.135 -259.611
668.334 -236.641
668.533 -171.771
668.732 -143.754
668.931 -136.993
669.131 -137.115
669.33 -171.504
669.529 -157.753
669.728 -191.926
669.927 -123.573
670.126 -96.281
670.325 -144.068
698.203 -185.939
698.402 -243.989
698.601 -207.708
698.8 -243.982
699 -164.175
699.199 -156.907
699.398 -258.557
699.597 -185.913
699.796 -185.882
699.995 -215.065
700.194 -215.1
700.393 -222.503
700.593 -192.647
700.792 -282.758
700.991 -267.894
701.19 -158.834
701.389 -338.63
701.588 -282.279
701.787 -330.13
701.986 -404.271
702.186 -582.557
702.385 -463.076
702.584 -602.224
702.783 -549.899
702.982 -594.03
703.181 -514.498
703.38 -637.99
703.58 -523.62
703.779 -488.949
703.978 -480.387
704.177 -488.319
704.376 -305.121
704.575 -290.143
704.774 -386.421
704.973 -244.374
705.173 -244.896
705.372 -245.005
705.571 -252.32
705.77 -207.734
705.969 -237.027
706.168 -171.358
706.367 -156.981
706.566 -200.432
706.766 -193.207
706.965 -186.003
707.164 -157.229
707.363 -229.149
707.562 -250.694
707.761 -236.304
707.96 -128.549
714.93 -143.767
715.129 -192.784
715.328 -220.824
715.527 -192.81
715.726 -129.689
715.926 -115.616
716.125 -171.788
716.324 -185.872
716.523 -185.906
716.722 -200.106
716.921 -129.083
717.12 -228.964
717.319 -265.398
717.519 -127.484
717.718 -244.678
717.917 -214.944
718.116 -191.536
718.315 -291.165
718.514 -338.569
718.713 -354.936
718.912 -338.612
719.112 -321.425
719.311 -421.034
719.51 -336.454
719.709 -488.746
719.908 -412.29
720.107 -446.304
720.306 -623.371
720.506 -437.743
720.705 -429.068
720.904 -509.756
721.103 -258.66
721.302 -275.398
721.501 -260.141
721.7 -184.024
721.899 -177.428
722.099 -215.103
722.298 -141.857
722.497 -214.97
722.696 -185.997
722.895 -171.661
723.094 -178.859
723.293 -157.453
723.492 -250.168
723.692 -207.374
723.891 -171.749
724.09 -178.873
724.289 -136.124
724.488 -185.999
724.687 -264.416
758.142 -103.246
758.341 -184.908
758.54 -150.879
758.739 -130.453
758.938 -157.693
759.137 -171.323
759.336 -171.33
759.536 -150.887
759.735 -144.07
759.934 -144.069
760.133 -150.893
760.332 -150.896
760.531 -157.733
760.73 -144.061
760.929 -157.753
761.129 -123.476
761.328 -123.435
761.527 -109.626
761.726 -137.117
761.925 -157.802
762.124 -137.046
762.323 -185.539
762.523 -164.75
762.722 -227.34
762.921 -150.84
763.12 -136.905
763.319 -164.764
763.518 -192.629
763.717 -122.964
763.916 -178.705
764.116 -178.73
764.315 -129.735
764.514 -150.624
764.713 -235.998
764.912 -207.733
765.111 -185.124
765.31 -229.198
765.51 -306.536
765.709 -429.374
765.908 -558.547
766.107 -757.919
766.306 -1152.55
766.505 -1529.25
766.704 -1825.77
766.904 -2194.33
767.103 -2879.31
767.302 -3435.67
767.501 -3837.64
767.7 -4731.73
767.899 -4978.98
768.098 -4854.73
768.297 -5276.8
768.497 -4729.39
768.696 -5189.52
768.895 -5149.87
769.094 -4270.08
769.293 -3849.51
769.492 -2958.54
769.691 -2730.91
769.891 -2128.78
770.09 -1519.04
770.289 -1213.05
770.488 -879.851
770.687 -711.832
770.886 -488.61
771.085 -504.346
771.284 -346.7
771.484 -206.654
771.683 -274.396
771.882 -214.911
772.081 -171.762
772.28 -192.891
772.479 -171.754
772.678 -136.931
772.878 -143.923
773.077 -143.94
773.276 -178.598
781.042 -192.454
781.241 -150.876
781.44 -102.341
781.64 -130.056
781.839 -143.914
782.038 -102.13
782.237 -122.883
782.436 -143.718
782.635 -221.273
782.834 -214.598
783.034 -323.807
783.233 -237.309
783.432 -305.687
783.631 -174.115
783.83 -363.009
784.029 -445.979
784.228 -463.168
784.427 -683.059
784.627 -748.451
784.826 -823.512
785.025 -831.923
785.224 -936.723
785.423 -1222.93
785.622 -1303.71
785.821 -1212.96
786.021 -1243.25
786.22 -1293.86
786.419 -1213.22
786.618 -1173.01
786.817 -1005.55
787.016 -918.547
787.215 -608.698
787.415 -647.984
787.614 -514.679
787.813 -514.438
788.012 -387.763
788.211 -338.766
788.41 -430.365
788.609 -244.991
788.809 -156.256
789.008 -200.431
789.207 -242.984
789.406 -178.846
789.605 -157.762
789.804 -136.865
790.003 -143.89
790.202 -178.64
790.402 -143.931
790.601 -123.136
790.8 -157.807
790.999 -157.807
791.198 -130.085
801.354 -137.245
801.553 -150.892
801.752 -164.544
801.952 -191.882
802.151 -103.003
802.35 -144.043
802.549 -123.294
802.748 -157.801
802.947 -185.886
803.146 -135.815
803.346 -281.138
803.545 -229.905
803.744 -267.785
803.943 -338.815
804.142 -496.661
804.341 -584.724
804.54 -774.631
804.74 -916.869
804.939 -716.322
805.138 -1014.75
805.337 -1031.46
805.536 -1313.81
805.735 -1343.24
805.934 -1603.37
806.134 -1613.86
806.333 -1697.8
806.532 -1665.84
806.731 -1333.79
806.93 -1456.61
807.129 -1282.93
807.328 -1054.27
807.528 -728.707
807.727 -711.828
807.926 -735.82
808.125 -548.608
808.324 -379.523
808.523 -330.62
808.722 -275.448
808.921 -134.006
809.121 -178.839
809.32 -73.5143
809.519 -116.372
809.718 -164.541
809.917 -130.525
810.116 -204.636
810.315 -123.879
810.515 -164.07
810.714 -117.231
810.913 -103.892
811.112 -163.965
834.212 -157.802
834.411 -157.803
834.611 -164.713
834.81 -157.804
835.009 -137.056
835.208 -240.897
835.407 -130.061
835.606 -150.846
835.805 -108.889
836.005 -157.732
836.204 -136.348
836.403 -164.513
836.602 -214.995
836.801 -252.083
837 -177.117
837.199 -306.453
837.399 -314.81
837.598 -322.704
837.797 -544.387
837.996 -471.476
838.195 -583.087
838.394 -549.672
838.593 -549.898
838.793 -532.159
838.992 -549.756
839.191 -549.769
839.39 -558.696
839.589 -339.657
839.788 -454.329
839.987 -565.629
840.187 -387.534
840.386 -330.286
840.585 -354.887
840.784 -283.349
840.983 -313.936
841.182 -214.931
841.381 -244.577
841.581 -149.726
841.78 -171.713
841.979 -115.205
842.178 -185.817
842.377 -241.523
842.576 -116.099
842.775 -213.271
842.975 -150.885
843.174 -185.464
843.373 -130.161
843.572 -157.803
843.771 -116.361
843.97 -171.614
855.72 -237.011
855.919 -222.379
856.118 -207.755
856.317 -134.677
856.516 -244.28
856.715 -236.963
856.915 -185.852
857.114 -134.793
857.313 -185.874
857.512 -244.157
857.711 -200.457
857.91 -164.139
858.109 -330.918
858.309 -207.666
858.508 -164.382
858.707 -178.834
858.906 -128.848
859.105 -114.9
859.304 -86.9691
859.503 -249.087
859.703 -143.808
859.902 -206.456
860.101 -171.645
860.3 -150.9
860.499 -150.905
860.698 -130.244
860.897 -123.307
861.097 -220.083
861.296 -130.009
861.495 -192.703
861.694 -150.722
861.893 -192.966
862.092 -157.592
862.291 -178.873
862.491 -228.925
862.69 -207.538
862.889 -121.271
863.088 -207.619
863.287 -214.858
863.486 -171.537
863.685 -258.258
863.885 -185.977
864.084 -142.588
864.283 -229.363
864.482 -207.668
864.681 -207.666
864.88 -178.752
865.079 -185.981
865.279 -185.983
865.478 -171.54
929.205 -178.766
929.404 -171.544
929.603 -243.781
929.802 -207.674
930.001 -214.955
930.201 -185.889
930.4 -171.079
930.599 -222.511
930.798 -244.994
930.997 -214.081
931.196 -283.24
931.395 -436.487
931.595 -488.501
931.794 -427.198
931.993 -611.517
932.192 -1002.96
932.391 -956.601
932.59 -1263.55
932.789 -1561.37
932.989 -1825.61
933.188 -1770.18
933.387 -2095.31
933.586 -2706.21
933.785 -2572.95
933.984 -2335.95
934.184 -2764.62
934.383 -2269.88
934.582 -2249.21
934.781 -2238.51
934.98 -2127.39
935.179 -1581.99
935.378 -1663.46
935.578 -1203.16
935.777 -870.073
935.976 -823.265
936.175 -674.81
936.374 -471.743
936.573 -479.017
936.772 -354.809
936.972 -205.924
937.171 -297.752
937.37 -266.725
937.569 -178.692
937.768 -171.677
937.967 -235.752
938.167 -164.719
938.366 -150.657
938.565 -129.621
938.764 -129.686
938.963 -164.768
959.277 -164.656
959.476 -240.208
959.675 -192.093
959.874 -82.3032
960.073 -150.906
960.272 -164.622
960.471 -144.046
960.671 -82.2096
960.87 -144.02
961.069 -130.162
961.268 -185.593
961.467 -136.78
961.666 -143.537
961.866 -157.426
962.065 -251.15
962.264 -273.934
962.463 -185.125
962.662 -199.42
962.861 -198.442
963.06 -306.868
963.26 -402.138
963.459 -362.885
963.658 -338.825
963.857 -330.645
964.056 -330.603
964.255 -346.89
964.455 -314.581
964.654 -226.593
964.853 -362.42
965.052 -322.487
965.251 -275.613
965.45 -358.503
965.649 -200.225
965.849 -193.159
966.048 -200.343
966.247 -178.84
966.446 -234.187
966.645 -89.2009
966.844 -103.363
967.043 -164.213
967.243 -150.651
967.442 -170.501
967.641 -150.466
967.84 -117.369
968.039 -71.256
968.238 -117.396
968.438 -71.4324
968.637 -104.293
968.836 -123.963
969.035 -163.21
1047.1 -79.6846
1047.3 -129.003
1047.5 -54.9609
1047.7 -79.6402
1047.9 -122.971
1048.1 -73.3859
1048.3 -98.2189
1048.5 -79.5003
1048.7 -104.503
1048.9 -98.2255
1049.1 -91.8395
1049.29 -123.767
1049.49 -78.4935
1049.69 -143.699
1049.89 -163.988
1050.09 -178.024
1050.29 -233.837
1050.49 -129.567
1050.69 -135.886
1050.89 -265.96
1051.09 -266.796
1051.29 -237.438
1051.49 -305.355
1051.68 -214.632
1051.88 -199.279
1052.08 -244.982
1052.28 -245.002
1052.48 -131.814
1052.68 -237.442
1052.88 -215.108
1053.08 -280.669
1053.28 -229.111
1053.48 -200.07
1053.68 -109.096
1053.88 -116.647
1054.07 -130.545
1054.27 -17.1946
1054.47 -84.3666
1054.67 -110.869
1054.87 -143.436
1055.07 -59.144
1055.27 -130.303
1055.47 -181.796
1055.67 -91.6406
1055.87 -117.375
1056.07 -130.24
1056.27 -91.6402
1056.46 -78.7534
1056.66 -143.156
1056.86 -168.969
1065.03 -91.9189
1065.23 -41.5252
1065.43 -154.88
1065.63 -142.257
1065.82 -110.803
1066.02 -129.65
1066.22 -54.2401
1066.42 -98.2308
1066.62 -104.528
1066.82 -98.22
1067.02 -85.5095
1067.22 -72.618
1067.42 -117.381
1067.62 -123.925
1067.82 -91.046
1068.02 -90.5208
1068.21 -164.424
1068.41 -178.485
1068.61 -192.802
1068.81 -185.992
1069.01 -193.208
1069.21 -178.53
1069.41 -274.118
1069.61 -304.193
1069.81 -207.602
1070.01 -162.866
1070.21 -192.781
1070.41 -170.788
1070.6 -185.801
1070.8 -222.128
1071 -136.121
1071.2 -157.76
1071.4 -123.374
1071.6 -191.344
1071.8 -196.901
1072 -97.8828
1072.2 -168.589
1072.4 -91.9109
1072.6 -123.155
1072.8 -110.508
1072.99 -61.4032
1073.19 -85.8689
1073.39 -61.685
1073.59 -79.8254
1073.79 -61.8283
1073.99 -61.8742
1074.19 -67.8828
1074.39 -109.632
1074.59 -97.6764
1074.79 -44.1623
1115.42 -79.7285
1115.61 -73.4771
1115.81 -179.501
1116.01 -72.6803
1116.21 -117.41
1116.41 -137.25
1116.61 -193.181
1116.81 -252.597
1117.01 -217.37
1117.21 -463.058
1117.41 -776.294
1117.61 -1073.96
1117.81 -1623.16
1118 -2074.16
1118.2 -2970.25
1118.4 -3908.56
1118.6 -5211.9
1118.8 -5739.35
1119 -7158.71
1119.2 -8150.53
1119.4 -10226.6
1119.6 -11731.3
1119.8 -11773
1120 -12731.4
1120.2 -12996.4
1120.39 -12688
1120.59 -13346.1
1120.79 -12300.2
1120.99 -11182.1
1121.19 -10158.9
1121.39 -9479.33
1121.59 -7054.8
1121.79 -6233.1
1121.99 -4401.57
1122.19 -3766.28
1122.39 -2480.83
1122.59 -1791.42
1122.78 -1643.72
1122.98 -1015.28
1123.18 -739.429
1123.38 -566.639
1123.58 -314.597
1123.78 -214.718
1123.98 -128.933
1124.18 -110.184
1124.38 -110.915
1124.58 -91.9117
1124.78 -61.0947
1124.98 -152.97
1125.17 -104.012
1128.76 -79.7413
1128.96 -85.8638
1129.16 -116.484
1129.36 -67.4849
1129.56 -98.1201
1129.76 -85.8588
1129.95 -48.9903
1130.15 -128.948
1130.35 -79.6509
1130.55 -98.2084
1130.75 -73.253
1130.95 -91.9353
1131.15 -161.771
1131.35 -72.3263
1131.55 -163.114
1131.75 -123.965
1131.95 -157.531
1132.15 -116.611
1132.34 -185.693
1132.54 -185.956
1132.74 -207.573
1132.94 -164.083
1133.14 -185.723
1133.34 -237.285
1133.54 -237.349
1133.74 -177.99
1133.94 -215.106
1134.14 -170.978
1134.34 -258.767
1134.54 -214.82
1134.73 -207.297
1134.93 -150.778
1135.13 -109.63
1135.33 -177.869
1135.53 -104.01
1135.73 -110.875
1135.93 -110.943
1136.13 -117.275
1136.33 -79.34
1136.53 -79.5019
1136.73 -92.0041
1136.93 -73.4982
1137.12 -91.9989
1137.32 -122.644
1137.52 -79.7452
1137.72 -104.205
1137.92 -73.6526
1138.12 -79.7641
1138.32 -116.382
1138.52 -67.5657
1150.27 -91.9729
1150.47 -116.412
1150.67 -73.6322
1150.87 -91.991
1151.07 -98.1512
1151.27 -61.0895
1151.46 -166.782
1151.66 -136.052
1151.86 -78.9127
1152.06 -78.178
1152.26 -97.0223
1152.46 -123.185
1152.66 -157.332
1152.86 -222.51
1153.06 -306.579
1153.26 -234.375
1153.46 -404.334
1153.66 -428.688
1153.85 -603.01
1154.05 -739.058
1154.25 -795.297
1154.45 -899.316
1154.65 -735.574
1154.85 -1025
1155.05 -966.385
1155.25 -1152.32
1155.45 -859.102
1155.65 -1209.04
1155.85 -947.327
1156.05 -861.246
1156.24 -573.014
1156.44 -756.369
1156.64 -593.812
1156.84 -488.828
1157.04 -363.084
1157.24 -362.39
1157.44 -313.616
1157.64 -163.701
1157.84 -122.23
1158.04 -178.293
1158.24 -117.299
1158.44 -169.375
1158.63 -155.54
1158.83 -98.2314
1159.03 -85.7711
1159.23 -54.9068
1159.43 -128.94
1159.63 -67.4383
1159.83 -67.4736
1160.03 -79.7404
1168.39 -44.6729
1168.59 -103.08
1168.79 -73.8776
1168.99 -56.3563
1169.19 -44.6725
1169.39 -38.8232
1169.59 -91.4153
1169.79 -56.333
1169.99 -27.0362
1170.19 -132.538
1170.38 -38.6194
1170.58 -103.365
1170.78 -67.9676
1170.98 -85.7628
1171.18 -127.644
1171.38 -115.912
1171.58 -43.4752
1171.78 -98.0683
1171.98 -128.863
1172.18 -147.694
1172.38 -98.222
1172.58 -110.756
1172.77 -47.9209
1172.97 -104.532
1173.17 -72.9658
1173.37 -117.157
1173.57 -91.9312
1173.77 -73.1357
1173.97 -79.5006
1174.17 -79.5952
1174.37 -110.486
1174.57 -91.9814
1174.77 -73.7301
1174.97 -67.7752
1175.16 -79.8289
1175.36 -79.8191
1175.56 -62.057
1175.76 -56.2255
1175.96 -85.6188
1176.16 -132.375
1176.36 -68.0393
1176.56 -79.6975
1176.76 -97.1455
1176.96 -50.6041
1177.16 -44.8052
1177.36 -21.5832
1177.55 -68.0504
1177.75 -68.0508
1177.95 -73.8546
1178.15 -79.6563
1202.85 -51.1019
1203.05 -34.2859
1203.25 -51.1007
1203.45 -73.5373
1203.65 -101.647
1203.84 -62.3241
1204.04 -34.063
1204.24 -50.9566
1204.44 -39.3817
1204.64 -120.221
1204.84 -91.532
1205.04 -43.9002
1205.24 -91.9832
1205.44 -148.373
1205.64 -123.812
1205.84 -137.197
1206.04 -184.842
1206.23 -143.84
1206.43 -71.6557
1206.63 -112.804
1206.83 -267.152
1207.03 -199.692
1207.23 -390.054
1207.43 -290.987
1207.63 -260.197
1207.83 -314.147
1208.03 -298.559
1208.23 -237.409
1208.43 -252.439
1208.62 -215.109
1208.82 -157.132
1209.02 -80.1842
1209.22 -178.369
1209.42 -97.213
1209.62 -136.888
1209.82 -104.534
1210.02 -61.2802
1210.22 -67.8391
1210.42 -103.227
1210.62 -50.7615
1210.82 -68.0091
1211.01 -62.3191
1211.21 -45.5797
1211.41 -67.7952
1211.61 -89.7918
1211.81 -34.7319
1212.01 -29.2911
1212.21 -73.1274
1212.41 -29.3578
1212.61 -78.5498
1233.12 -90.8394
1233.32 -28.0003
1233.52 -108.288
1233.72 -73.8495
1233.92 -62.1373
1234.12 -85.8229
1234.32 -61.1839
1234.52 -110.933
1234.72 -110.52
1234.91 -178.843
1235.11 -259.797
1235.31 -164.686
1235.51 -446.122
1235.71 -646.979
1235.91 -637.367
1236.11 -908.395
1236.31 -1192.7
1236.51 -1771.25
1236.71 -2041.37
1236.91 -2404.91
1237.11 -3117.84
1237.3 -3051.57
1237.5 -4022.91
1237.7 -3540.97
1237.9 -4362.96
1238.1 -3478.71
1238.3 -3885.52
1238.5 -3600.08
1238.7 -3341.43
1238.9 -3213.84
1239.1 -3210.43
1239.3 -2293.16
1239.5 -1954.41
1239.69 -1444.68
1239.89 -1344.76
1240.09 -917.264
1240.29 -776.605
1240.49 -594.147
1240.69 -370.258
1240.89 -330.792
1241.09 -199.828
1241.29 -193.078
1241.49 -217.978
1241.69 -142.947
1241.89 -85.8528
1242.08 -121.489
1242.28 -91.305
1242.48 -56.597
1242.68 -56.6707
1242.88 -28.605
1243.08 -34.3341
1276.14 -90.841
1276.34 -62.3191
1276.54 -50.8481
1276.74 -45.0295
1276.94 -73.8429
1277.14 -50.5177
1277.34 -62.0652
1277.54 -67.8125
1277.74 -73.5852
1277.94 -148.629
1278.13 -136.919
1278.33 -177.701
1278.53 -157.776
1278.73 -171.365
1278.93 -237.446
1279.13 -353.996
1279.33 -379.399
1279.53 -429.424
1279.73 -394.043
1279.93 -540.998
1280.13 -729.198
1280.33 -665.986
1280.52 -739.479
1280.72 -814.018
1280.92 -710.963
1281.12 -729.776
1281.32 -795.284
1281.52 -868.741
1281.72 -729.891
1281.92 -594.111
1282.12 -436.027
1282.32 -540.127
1282.52 -454.064
1282.72 -218.471
1282.91 -229.16
1283.11 -207.571
1283.31 -186.009
1283.51 -275.578
1283.71 -110.523
1283.91 -65.5192
1284.11 -155.078
1284.31 -135.293
1284.51 -55.4543
1284.71 -91.849
1284.91 -55.9798
1285.11 -79.81
1285.3 -85.7052
1285.5 -91.5826
1285.7 -50.318
1285.9 -50.3251
1327.53 -85.5406
1327.73 -91.3794
1327.93 -56.3669
1328.13 -73.8762
1328.33 -85.5526
1328.52 -50.5241
1328.72 -44.6898
1328.92 -62.2048
1329.12 -33.0544
1329.32 -97.1699
1329.52 -79.6798
1329.72 -97.068
1329.92 -39.1208
1330.12 -62.2875
1330.32 -85.2579
1330.52 -50.913
1330.72 -84.9967
1330.91 -84.8174
1331.11 -56.7187
1331.31 -84.3666
1331.51 -62.1875
1331.71 -24.0583
1331.91 -45.8422
1332.11 -67.3409
1332.31 -51.2264
1332.51 -40.5272
1332.71 -83.3849
1332.91 -56.6203
1333.11 -29.5697
1333.3 -51.2337
1333.5 -62.2292
1333.7 -17.7811
1333.9 -45.4739
1334.1 -45.3369
1334.3 -56.6117
1334.5 -62.2992
1334.7 -62.2684
1334.9 -44.7908
1335.1 -44.684
1335.3 -27.02
1335.5 -138.495
1335.69 -50.3472
1335.89 -50.3102
1336.09 -38.478
1336.29 -79.7942
1336.49 -62.0635
1336.69 -127.119
1336.89 -144.896
1337.09 -144.925
1337.29 -32.4275
1337.49 -73.8827
1372.74 -40.0918
1372.94 -67.8423
1373.14 -51.1245
1373.34 -51.0458
1373.54 -45.1607
1373.74 -79.7111
1373.94 -55.8283
1374.14 -116.874
1374.33 -169.372
1374.53 -171.357
1374.73 -150.045
1374.93 -298.151
1375.13 -306.782
1375.33 -370.445
1375.53 -638.195
1375.73 -711.808
1375.93 -889.822
1376.13 -1063.94
1376.33 -1416.26
1376.53 -1718.62
1376.72 -1579.74
1376.92 -2128.54
1377.12 -1919.18
1377.32 -2616.02
1377.52 -2550.08
1377.72 -2416.06
1377.92 -2449.52
1378.12 -2493.1
1378.32 -1855.09
1378.52 -1943.98
1378.72 -1772.25
1378.92 -1592.12
1379.11 -1183.01
1379.31 -937.358
1379.51 -663.846
1379.71 -918.282
1379.91 -411.555
1380.11 -297.663
1380.31 -236.846
1380.51 -200.42
1380.71 -178.62
1380.91 -130.549
1381.11 -98.2326
1381.31 -97.8844
1381.5 -50.502
1381.7 -102.493
1381.9 -50.9073
1382.1 -62.3075
1382.3 -62.2198
1382.5 -79.8249
1382.7 -67.4369
1382.9 -142.648
1383.1 -137.141
1383.3 -157.724
1383.5 -185.942
1383.7 -193.117
1383.89 -282.753
1384.09 -275.632
1384.29 -354.578
1384.49 -330.699
1384.69 -544.089
1384.89 -387.697
1385.09 -504.805
1385.29 -471.416
1385.49 -404.27
1385.69 -454.318
1385.89 -239.383
1386.09 -241.309
1386.28 -322.809
1386.48 -205.567
1386.68 -199.573
1386.88 -178.397
1387.08 -185.962
1387.28 -157.729
1387.48 -110.83
1387.68 -123.488
1387.88 -128.41
1388.08 -9.42397
1388.28 -62.3292
1388.48 -89.7893
1388.67 -18.9344
1388.87 -40.609
1389.07 -19.829
1389.27 -61.3059
1389.47 -71.3795
1389.67 -61.0303
1389.87 -10.2772
1390.07 -55.8226
1390.27 -15.4647
1396.64 -51.2096
1396.84 -62.2331
1397.04 -56.7214
1397.24 -34.5385
1397.44 -6.51673
1397.64 -79.2015
1397.84 -62.3254
1398.04 -91.2303
1398.23 -56.1083
1398.43 -116.323
1398.63 -117.107
1398.83 -110.893
1399.03 -164.436
1399.23 -249.538
1399.43 -163.612
1399.63 -206.726
1399.83 -275.236
1400.03 -395.873
1400.23 -471.541
1400.43 -428.544
1400.63 -488.176
1400.82 -647.861
1401.02 -702.434
1401.22 -666.047
1401.42 -675.091
1401.62 -647.545
1401.82 -684.349
1402.02 -657.063
1402.22 -674.674
1402.42 -664.32
1402.62 -489
1402.82 -454.641
1403.02 -306.003
1403.21 -299.027
1403.41 -260.225
1403.61 -251.862
1403.81 -129.266
1404.01 -198.846
1404.21 -83.984
1404.41 -150.118
1404.61 -156.46
1404.81 -71.4323
1405.01 -170.898
1405.21 -150.856
1405.41 -185.972
1405.6 -252.564
1405.8 -433.254
1406 -272.475
1406.2 -437.589
1406.4 -709.427
1406.6 -739.25
1406.8 -823.507
1407 -928.179
1407.2 -985.853
1407.4 -994.288
1407.6 -1233.29
1407.8 -1455.35
1407.99 -1172.53
1408.19 -991.092
1408.39 -1213.22
1408.59 -1073.82
1408.79 -917.451
1408.99 -1158.58
1409.19 -739.044
1409.39 -538.309
1409.59 -655.952
1409.79 -582.71
1409.99 -363.127
1410.19 -377.464
1410.38 -244.932
1410.58 -214.519
1410.78 -184.808
1410.98 -97.9829
1411.18 -73.4087
1411.38 -55.9683
1411.58 -85.3804
1411.78 -67.9546
1411.98 -62.2452
1412.18 -34.8915
1412.38 -29.652
1412.58 -40.5057
1412.77 -72.5799
1412.97 -19.2599
1456 -62.3199
1456.19 -73.5579
1456.39 -22.9889
1456.59 -51.0833
1456.79 -62.319
1456.99 -79.1646
1457.19 -23.0258
1457.39 -135.241
1457.59 -45.4986
1457.79 -51.1129
1457.99 -56.7148
1458.19 -28.8233
1458.39 -73.4169
1458.58 -51.1744
1458.78 -34.6075
1458.98 -56.7166
1459.18 -73.1466
1459.38 -51.2365
1459.58 -83.7866
1459.78 -83.6161
1459.98 -40.4944
1460.18 -35.1845
1460.38 -56.5407
1460.58 -40.573
1460.78 -35.2691
1460.97 -40.5768
1461.17 -24.5985
1461.37 -40.5428
1461.57 -72.6678
1461.77 -67.3928
1461.97 -35.0031
1462.17 -67.5635
1462.37 -51.2306
1462.57 -40.2243
1462.77 -56.7204
1462.97 -62.2649
1463.17 -28.9199
1463.36 -45.5678
1463.56 -73.4795
1463.76 -95.8963
1463.96 -56.7082
1464.16 -39.8724
1464.36 -39.8576
1464.56 -34.2287
1464.76 -34.219
1464.96 -96.051
1465.16 -84.812
1465.36 -67.9448
1465.56 -62.3216
1465.75 -62.3217
1504.39 -98.2299
1504.59 -85.73
1504.79 -41.9062
1504.99 -66.8474
1505.19 -123.465
1505.39 -79.0929
1505.59 -143.153
1505.79 -163.272
1505.99 -170.771
1506.19 -178.413
1506.39 -115.038
1506.59 -237.112
1506.78 -275.422
1506.98 -291.147
1507.18 -412.206
1507.38 -454.765
1507.58 -445.08
1507.78 -647.916
1507.98 -767.064
1508.18 -1030.4
1508.38 -794.148
1508.58 -1015.23
1508.78 -917.206
1508.98 -1044.47
1509.17 -1123.43
1509.37 -995.067
1509.57 -1201.72
1509.77 -1054.22
1509.97 -764.877
1510.17 -785.713
1510.37 -665.481
1510.57 -702.161
1510.77 -479.709
1510.97 -505.768
1511.17 -412.324
1511.37 -330.609
1511.57 -298.082
1511.76 -193.181
1511.96 -171.752
1512.16 -130.586
1512.36 -123.887
1512.56 -48.048
1512.76 -122.506
1512.96 -97.7496
1513.16 -91.5034
1513.36 -56.4622
1513.56 -50.8323
1513.76 -79.4089
1513.96 -39.6847
1514.15 -45.4208
1533.67 -85.8554
1533.87 -103.937
1534.07 -109.936
1534.27 -61.7715
1534.47 -43.7255
1534.67 -91.8645
1534.87 -134.075
1535.07 -85.8594
1535.27 -91.9372
1535.47 -43.1259
1535.67 -79.6902
1535.86 -104.438
1536.06 -142.323
1536.26 -59.7924
1536.46 -71.9366
1536.66 -143.807
1536.86 -130.572
1537.06 -96.0966
1537.26 -129.928
1537.46 -150.564
1537.66 -207.523
1537.86 -207.699
1538.06 -171.211
1538.25 -259.186
1538.45 -237.199
1538.65 -163.611
1538.85 -215.084
1539.05 -178.636
1539.25 -207.604
1539.45 -264.183
1539.65 -150.761
1539.85 -144.015
1540.05 -171.144
1540.25 -137.256
1540.45 -137.057
1540.64 -72.1962
1540.84 -110.93
1541.04 -104.546
1541.24 -142.562
1541.44 -129.947
1541.64 -85.3809
1541.84 -123.825
1542.04 -84.8954
1542.24 -176.559
1542.44 -70.8471
1542.64 -143.99
1542.84 -191.245
1543.03 -35.701
1543.23 -191.563
1543.43 -123.736
1543.63 -137.302
1543.83 -123.891
1544.03 -77.5094
1544.23 -117.412
1544.43 -156.128
1544.63 -161.66
1544.83 -148.053
1545.03 -91.9757
1545.23 -31.939
1545.42 -85.624
1545.62 -45.0193
1545.82 -56.672
1546.02 -12.1853
1546.22 -62.1993
1546.42 -18.7044
1546.62 -51.2327
1546.82 -51.2086
1547.02 -51.1773
1547.22 -77.4054
1547.42 -30.2069
1547.62 -45.874
1547.81 -35.4974
1548.01 -71.6667
1548.21 -30.3956
1578.29 -61.9663
1578.49 -45.8687
1578.69 -40.5098
1578.89 -51.2309
1579.09 -56.6064
1579.28 -62.0209
1579.48 -45.8192
1579.68 -78.5786
1579.88 -62.2593
1580.08 -22.9352
1580.28 -96.7549
1580.48 -50.3616
1580.68 -79.8147
1580.88 -98.2223
1581.08 -136.645
1581.28 -57.6618
1581.48 -164.571
1581.67 -80.3301
1581.87 -193.208
1582.07 -170.75
1582.27 -267.625
1582.47 -321.552
1582.67 -337.713
1582.87 -338.157
1583.07 -291.186
1583.27 -306.909
1583.47 -275.533
1583.67 -330.033
1583.87 -298.632
1584.06 -290.361
1584.26 -192.871
1584.46 -99.1435
1584.66 -171.791
1584.86 -116.754
1585.06 -156.996
1585.26 -66.2923
1585.46 -110.442
1585.66 -79.8094
1585.86 -50.8694
1586.06 -45.6466
1586.26 -56.6122
1586.45 -9.2072
1586.65 -45.8172
1586.85 -50.741
1587.05 -30.6683
1587.25 -45.4599
1587.45 -30.7368
1587.65 -30.7481
1587.85 -40.3818
1588.05 -40.339
1589.84 -40.6577
1590.04 -20.5254
1590.24 -35.6243
1590.44 -45.705
1590.64 -45.7165
1590.84 -45.7329
1591.04 -15.3001
1591.24 -61.0776
1591.43 10.594
1591.63 -40.6839
1591.83 -35.4431
1592.03 -40.6109
1592.23 -99.457
1592.43 -67.5787
1592.63 -78.9068
1592.83 -90.5957
1593.03 -27.6905
1593.23 -62.1285
1593.43 -85.8203
1593.63 -61.4882
1593.82 -67.2487
1594.02 -135.848
1594.22 -110.876
1594.42 -72.6571
1594.62 -98.1316
1594.82 -130.157
1595.02 -123.71
1595.22 -72.7744
1595.42 -91.9264
1595.62 -85.7589
1595.82 -128.92
1596.02 -110.134
1596.21 -91.7867
1596.41 -32.6162
1596.61 -73.8687
1596.81 -27.6804
1597.01 -56.5792
1597.21 -73.7553
1597.41 -50.8542
1597.61 -171.731
1597.81 -91.2805
1598.01 -91.486
1598.21 -73.8802
1598.41 -97.8155
1598.6 -55.5912
1598.8 -98.0767
1599 -85.8559
1599.2 -98.1651
1599.4 -61.1762
1599.6 -85.8488
1599.8 -91.9857
1600 -43.3529
1600.2 -85.8386
1600.4 -79.8141
1600.6 -68.0309
1600.8 -108.367
1600.99 -67.9938
1601.19 -23.3004
1601.39 -12.8732
1601.59 -35.0562
1601.79 -51.2064
1601.99 -51.1439
1602.19 -40.6739
1602.39 -50.9905
1602.59 -25.3405
1602.79 -45.7715
1602.99 -35.6085
1603.19 -20.458
1603.38 -60.8336
1603.58 -35.6248
1603.78 -60.7774
1603.98 -35.6279
1604.18 -25.5791
1656.37 0.227271
1656.56 -38.9517
1656.76 -21.5467
1656.96 -17.1772
1657.16 -12.7432
1657.36 -39.367
1657.56 -12.4299
1657.76 -7.4478
1657.96 -16.3556
1658.16 -40.6238
1658.36 -61.5091
1658.56 -78.5559
1658.76 -85.2718
1658.95 -73.7883
1659.15 -117.197
1659.35 -110.735
1659.55 -171.589
1659.75 -271.883
1659.95 -222.5
1660.15 -115.783
1660.35 -252.282
1660.55 -354.471
1660.75 -298.657
1660.95 -355.01
1661.15 -371.3
1661.34 -322.379
1661.54 -379.371
1661.74 -354.937
1661.94 -306.909
1662.14 -298.993
1662.34 -260.22
1662.54 -215.1
1662.74 -157.344
1662.94 -109.521
1663.14 -130.576
1663.34 -117.087
1663.54 -73.868
1663.73 -39.8515
1663.93 -72.2947
1664.13 -45.5447
1664.33 -53.9295
1664.53 -39.0211
1664.73 -25.5153
1664.93 -24.9892
1665.13 -13.2061
1665.33 -2.28279
1665.53 8.01378
1665.73 -16.293
1665.93 3.97501
1666.12 0.502254
1679.07 -12.7201
1679.27 -6.08095
1679.47 -19.3861
1679.67 -6.07706
1679.87 -2.72286
1680.07 -6.06455
1680.27 0.755451
1680.47 -9.47394
1680.66 1.0292
1680.86 1.2541
1681.06 -2.12076
1681.26 -1.82645
1681.46 -28.9913
1681.66 -17.2623
1681.86 -34.2898
1682.06 -34.852
1682.26 -53.7297
1682.46 -54.6908
1682.66 -10.8712
1682.86 -56.0023
1683.05 -9.21191
1683.25 -45.874
1683.45 -51.239
1683.65 -34.6965
1683.85 -117.673
1684.05 -34.5275
1684.25 -51.1933
1684.45 -56.7061
1684.65 -40.431
1684.85 -35.2823
1685.05 -14.777
1685.25 -25.5511
1685.44 -59.9908
1685.64 -21.3247
1685.84 -26.0348
1686.04 -25.884
1686.24 -13.1087
1686.44 -17.218
1686.64 -13.2379
1686.84 -20.5868
1687.04 -5.91561
1687.24 -5.99904
1687.44 4.1881
1687.64 -19.478
1687.83 3.83411
1688.03 -6.0907
1688.23 -15.8396
1688.43 -2.86263
1688.63 -6.09438
1688.83 -6.09429
1724.68 -13.0743
1724.88 1.36519
1725.08 -9.4806
1725.28 -24.685
1725.48 -13.2273
1725.68 -29.8947
1725.88 -8.04655
1726.08 -21.083
1726.28 -30.2236
1726.47 -129.988
1726.67 -73.7159
1726.87 -163.064
1727.07 -116.051
1727.27 -119.15
1727.47 -306.747
1727.67 -338.676
1727.87 -403.779
1728.07 -479.39
1728.27 -775.195
1728.47 -767.322
1728.67 -1032.8
1728.86 -821.366
1729.06 -1142.76
1729.26 -935.346
1729.46 -1292.49
1729.66 -1212.96
1729.86 -1242.47
1730.06 -946.082
1730.26 -1248.89
1730.46 -918.578
1730.66 -663.836
1730.86 -785.123
1731.06 -638.633
1731.25 -420.237
1731.45 -313.444
1731.65 -354.25
1731.85 -192.53
1732.05 -178.851
1732.25 -90.9208
1732.45 -36.6744
1732.65 -73.6859
1732.85 -45.8803
1733.05 -35.5252
1733.25 -21.5479
1733.45 -17.2218
1733.64 -16.8673
1733.84 -9.47232
1734.04 -9.34425
1734.24 -6.07937
1734.44 -0.029288
1759.54 2.81076
1759.74 -2.86155
1759.94 -6.05162
1760.13 -5.60995
1760.33 -53.6102
1760.53 -51.2313
1760.73 -104.204
1760.93 -191.894
1761.13 -184.82
1761.33 -305.934
1761.53 -488.383
1761.73 -664.225
1761.93 -1252.2
1762.13 -1426.23
1762.33 -1867.73
1762.53 -2347.32
1762.72 -3097.15
1762.92 -4101.12
1763.12 -5150.93
1763.32 -5601.8
1763.52 -6208.06
1763.72 -7819.18
1763.92 -7562.12
1764.12 -7783.65
1764.32 -8072.77
1764.52 -8522.84
1764.72 -7623.4
1764.92 -7692.01
1765.11 -7888.54
1765.31 -6706.72
1765.51 -7073.21
1765.71 -5663.8
1765.91 -5136.14
1766.11 -3730.58
1766.31 -3479.65
1766.51 -2315.43
1766.71 -2040.65
1766.91 -1241.59
1767.11 -1083.73
1767.31 -684.071
1767.5 -428.369
1767.7 -338.838
1767.9 -185.542
1768.1 -117.156
1768.3 -73.81
1768.5 -40.5855
1768.7 -16.8569
1768.9 -28.8902
1769.1 -6.0903
1769.3 -3.08728
1833.43 -2.87753
1833.63 -2.89806
1833.83 -0.57379
1834.03 -5.34722
1834.23 1.90803
1834.43 -3.03177
1834.63 -0.444692
1834.82 2.40896
1835.02 -5.97652
1835.22 -2.98554
1835.42 -9.38593
1835.62 -13.0334
1835.82 -5.64582
1836.02 -21.3033
1836.22 -25.8599
1836.42 -16.8798
1836.62 -25.9096
1836.82 -30.5263
1837.02 -45.8927
1837.21 -45.7352
1837.41 -17.1005
1837.61 -50.6804
1837.81 -73.8883
1838.01 -97.7449
1838.21 -85.8415
1838.41 -79.8238
1838.61 -91.8318
1838.81 -91.7108
1839.01 -120.752
1839.21 -50.8248
1839.41 -34.3404
1839.6 -51.2415
1839.8 -61.5448
1840 -55.6425
1840.2 -11.6834
1840.4 -35.0773
1840.6 -38.6032
1840.8 -9.18641
1841 -13.2243
1841.2 1.20876
1841.4 -2.68698
1841.6 0.328076
1841.8 -12.2292
1841.99 -6.02684
1842.19 -11.8267
1842.39 -0.182497
1842.59 -0.168335
1842.79 -0.0988587
1842.99 3.10293
1843.19 -9.2988
1843.39 -29.9204
1843.59 -5.81511
1843.79 -25.1982
1843.99 -8.48247
1844.19 -21.2419
1844.38 -25.1587
1844.58 -23.0772
1844.78 -73.7856
1844.98 -149.66
1845.18 -144.052
1845.38 -193.207
1845.58 -298.068
1845.78 -330.626
1845.98 -305.839
1846.18 -513.786
1846.38 -480.31
1846.58 -594.027
1846.77 -665.857
1846.97 -711.546
1847.17 -711.792
1847.37 -638.397
1847.57 -583.427
1847.77 -729.982
1847.97 -602.799
1848.17 -611.987
1848.37 -497.308
1848.57 -497.542
1848.77 -362.635
1848.97 -435.723
1849.16 -252.291
1849.36 -267.196
1849.56 -164.689
1849.76 -197.689
1849.96 -60.3652
1850.16 -44.4021
1850.36 -45.7444
1850.56 -30.5339
1850.76 -7.30863
1850.96 -43.1575
1851.16 -9.21037
1851.36 -16.9483
1851.55 -30.6877
1851.75 -2.69307
1851.95 -2.83658
1852.15 -2.91504
1852.35 -2.95769
1868.29 -3.08584
1868.48 -5.93858
1868.68 -0.20485
1868.88 -0.173542
1869.08 -14.7962
1869.28 5.88022
1869.48 0.0108972
1869.68 -15.3833
1869.88 -18.8531
1870.08 3.8045
1870.28 -2.61635
1870.48 -20.2081
1870.68 5.45558
1870.87 -9.33718
1871.07 -25.4364
1871.27 -8.69858
1871.47 -25.9973
1871.67 -30.681
1871.87 -59.5175
1872.07 -40.576
1872.27 -20.4044
1872.47 -51.0286
1872.67 -72.1606
1872.87 -40.5814
1873.07 -45.8812
1873.26 -40.5416
1873.46 -40.5756
1873.66 -61.6785
1873.86 -14.7528
1874.06 -30.5122
1874.26 -40.6013
1874.46 -25.9274
1874.66 -30.711
1874.86 -8.00535
1875.06 -21.5423
1875.26 -33.932
1875.46 -17.2219
1875.65 2.14037
1875.85 -5.775
1876.05 -27.4034
1876.25 7.89678
1876.45 -19.6216
1876.65 0.570101
1876.85 -9.36568
1877.05 0.385506
1877.25 0.336609
1877.45 -9.2942
1877.65 -9.28521
1877.85 -9.28135
1878.04 -9.2812
2113.66 1.66761
2113.86 2.00206
2114.05 2.01654
2114.25 2.12262
2114.45 1.25961
2114.65 -0.373299
2114.85 3.73125
2115.05 -11.1804
2115.25 -2.86148
2115.45 -13.2103
2115.65 -12.9958
2115.85 -30.7431
2116.05 -40.6795
2116.25 -84.7183
2116.44 -49.8877
2116.64 -60.1549
2116.84 -83.9807
2117.04 -143.917
2117.24 -200.393
2117.44 -252.132
2117.64 -275.338
2117.84 -275.631
2118.04 -252.059
2118.24 -330.62
2118.44 -370.355
2118.64 -243.519
2118.83 -377.892
2119.03 -283.391
2119.23 -260.218
2119.43 -184.628
2119.63 -237.195
2119.83 -121.733
2120.03 -192.218
2120.23 -71.2223
2120.43 -91.9646
2120.63 -132.966
2120.83 -73.2634
2121.03 -35.5937
2121.22 -35.3192
2121.42 -25.5763
2121.62 -9.495
2121.82 -15.4526
2122.02 -8.2343
2122.22 5.58152
2122.42 2.76619
2122.62 3.34887
2122.82 0.938771
2123.02 1.46915
2123.22 1.85632
2123.42 1.63166
2199.09 2.6773
2199.29 2.38802
2199.49 -2.1729
2199.69 4.17199
2199.89 -6.04873
2200.09 -13.1666
2200.29 -17.2155
2200.49 -40.5845
2200.69 -45.6259
2200.89 -116.468
2201.09 -190.562
2201.28 -207.527
2201.48 -252.587
2201.68 -435.885
2201.88 -429.302
2202.08 -514.302
2202.28 -684.215
2202.48 -756.765
2202.68 -966.43
2202.88 -1343.2
2203.08 -1181.62
2203.28 -1530.13
2203.48 -1603.38
2203.67 -1550.25
2203.87 -1910.38
2204.07 -1708.64
2204.27 -1793.59
2204.47 -1592.59
2204.67 -1519.66
2204.87 -1426.67
2205.07 -1375.23
2205.27 -1203.1
2205.47 -966.612
2205.67 -937.049
2205.87 -519.443
2206.06 -761.544
2206.26 -437.853
2206.46 -435.215
2206.66 -214.661
2206.86 -107.809
2207.06 -84.4127
2207.26 -91.9106
2207.46 -51.2287
2207.66 -20.9944
2207.86 -34.2373
2208.06 -13.1017
2208.25 -17.7937
2208.45 1.71055
2208.65 2.92788
2208.85 0.211605
2209.05 2.07635
2288.51 2.38624
2288.71 2.32851
2288.91 2.25668
2289.11 2.17487
2289.31 2.09284
2289.51 2.36464
2289.71 1.99218
2289.91 2.42486
2290.1 1.39198
2290.3 2.43826
2290.5 2.85378
2290.7 -2.56866
2290.9 -7.73767
2291.1 -11.3707
2291.3 -2.97323
2291.5 -9.46413
2291.7 -13.1897
2291.9 -9.25395
2292.1 -17.2666
2292.3 -8.33765
2292.49 -26.0485
2292.69 -16.624
2292.89 -25.9526
2293.09 -40.4729
2293.29 -40.5211
2293.49 -30.7253
2293.69 -16.1591
2293.89 -40.337
2294.09 -40.1005
2294.29 -7.83372
2294.49 -30.3174
2294.69 -25.6348
2294.88 -29.0338
2295.08 -5.80015
2295.28 0.727007
2295.48 0.0724303
2295.68 -8.5328
2295.88 -2.92548
2296.08 5.33802
2296.28 -1.87886
2296.48 2.40565
2296.68 1.41321
2296.88 2.37989
2297.08 1.97383
2297.27 1.66412
2297.47 1.43263
2297.67 1.26302
2297.87 1.14117
2298.07 1.05533
2298.27 2.39029
2442.84 1.46189
2443.04 2.36126
2443.24 2.35535
2443.44 1.35064
2443.64 -1.63323
2443.84 -6.56371
2444.04 -3.04869
2444.24 -6.0816
2444.44 5.10483
2444.64 -25.5898
2444.84 -49.2607
2445.03 -45.7823
2445.23 -62.2422
2445.43 -38.3952
2445.63 -98.2325
2445.83 -123.974
2446.03 -240.631
2446.23 -107.186
2446.43 -303.866
2446.63 -267.783
2446.83 -213.572
2447.03 -338.478
2447.22 -322.81
2447.42 -330.791
2447.62 -346.907
2447.82 -330.758
2448.02 -282.582
2448.22 -458.22
2448.42 -275.463
2448.62 -213.847
2448.82 -252.557
2449.02 -148.977
2449.22 -171.765
2449.42 -137.224
2449.61 -137.023
2449.81 -73.4092
2450.01 -56.3824
2450.21 -40.3807
2450.41 -25.6365
2450.61 -39.6577
2450.81 -25.3491
2451.01 -2.42495
2451.21 -15.0362
2451.41 1.90209
2451.61 1.35997
2451.8 1.23012
2452 2.916
2452.2 2.23284
2452.4 2.0178
2452.6 1.4029
