41.6301 -3683.31
41.8292 -3659.58
42.0283 -3707.05
42.2273 -4015.51
42.4264 -3766.36
42.6255 -3968.02
42.8246 -3778.22
43.0237 -3446.13
43.2228 -3813.79
43.4219 -3707.05
43.621 -3505.47
43.82 -4145.77
44.0191 -3588.48
44.2182 -3612.19
44.4173 -3861.21
44.6164 -4074.76
44.8155 -3766.38
45.0146 -3932.64
45.2137 -3730.76
45.4128 -3825.89
45.6118 -3682.92
45.8109 -3706.54
46.01 -3670.45
46.2091 -3909.4
46.4082 -3789.7
46.6073 -4268.4
46.8064 -3825.67
47.0055 -4494.89
47.2045 -4267.35
47.4036 -3265.98
47.6027 -3885.35
47.8018 -3576.36
48.0009 -3505.35
48.2 -3351.44
48.3991 -3434.58
48.5982 -3553.09
48.7973 -3363.73
48.9963 -3635.99
49.1954 -3304.68
49.3945 -3505.85
49.5936 -3908.09
49.7927 -3955.38
49.9918 -3683.3
50.1909 -3470.41
50.39 -3363.98
50.5891 -3352.18
50.7881 -3706.94
50.9872 -3635.99
51.1863 -3919.79
51.3854 -3671.47
51.5845 -3411.27
51.7836 -3730.63
51.9827 -3434.8
52.1818 -3884.61
52.3809 -3766.26
52.5799 -3588.53
52.779 -3517.35
52.9781 -3410.57
53.1772 -3576.59
53.3763 -3754.49
53.5754 -3849.31
53.7745 -3778.13
53.9736 -3754.39
54.1727 -3754.32
54.3717 -4132.7
54.5708 -3600.53
54.7699 -3659.61
54.969 -3447
55.1681 -3600.53
55.3672 -3423.46
55.5663 -3753.97
55.7654 -3305.49
55.9645 -3848.34
56.1635 -3482.53
56.3626 -3624.12
56.5617 -3624.11
56.7608 -3706.69
56.9599 -3588.72
57.159 -3706.66
57.3581 -3812.8
57.5572 -3270.31
57.7563 -3529.75
57.9553 -3635.87
181.194 -7915.7
181.393 -7770.99
181.592 -8139.36
181.792 -7797.37
181.991 -7771.1
182.19 -8205.04
182.389 -8533.69
182.588 -8073.53
182.787 -7744.91
182.986 -8231.24
183.185 -7652.88
183.384 -7810.56
183.583 -7349.8
183.783 -8429.44
183.982 -8139.25
184.181 -8536.09
184.38 -9135.43
184.579 -10292.4
184.778 -11683.8
184.977 -11691.2
185.176 -12577.6
185.375 -15479.4
185.574 -14982.8
185.774 -17526.4
185.973 -18485.7
186.172 -18923.6
186.371 -17293.6
186.57 -16441.4
186.769 -15812.3
186.968 -14573.2
187.167 -14006.5
187.366 -12161.5
187.565 -9978.7
187.765 -10037
187.964 -8868.06
188.163 -8416.68
188.362 -8245
188.561 -7744.83
188.76 -8007.6
188.959 -7627.41
189.158 -7483.51
189.357 -7483.61
189.556 -7928.38
189.755 -7457.56
189.955 -8124.38
190.154 -8346.53
190.353 -7719.05
190.552 -7523.02
190.751 -7640.63
190.95 -7758.2
191.149 -7013.63
237.141 -5078.02
237.34 -5065.63
237.539 -5238.43
237.739 -4732.36
237.938 -4855.8
238.137 -5102.44
238.336 -4769.55
238.535 -4621.7
238.734 -4806.56
238.933 -4448.98
239.132 -4905.11
239.331 -5523.68
239.53 -4965.86
239.73 -5752.23
239.929 -6474.76
240.128 -7171.28
240.327 -7915.53
240.526 -9807.35
240.725 -11732.6
240.924 -14375.4
241.123 -17411
241.322 -19466.7
241.522 -23052.9
241.721 -23307.5
241.92 -24465.5
242.119 -24511.1
242.318 -23173.6
242.517 -22172.6
242.716 -19305.5
242.915 -16214.5
243.114 -13445.1
243.313 -11565.8
243.513 -9175.55
243.712 -7692.69
243.911 -6552.89
244.11 -5777.6
244.309 -4991.28
244.508 -4917.33
244.707 -4084.69
244.906 -4330.07
245.105 -4585.83
245.304 -4245.46
245.504 -4197.03
245.703 -4124.35
245.902 -4366.98
246.101 -4488.16
246.3 -4245.81
246.499 -4536.44
246.698 -4415.3
246.897 -4415.24
253.866 -3671.39
254.065 -4075.14
254.264 -3920.73
254.463 -3896.94
254.662 -4063.03
254.861 -3968.04
255.06 -3730.77
255.26 -3612.19
255.459 -3635.92
255.658 -3481.84
255.857 -3647.79
256.056 -3671.49
256.255 -3778.17
256.454 -3256.44
256.653 -3410.33
256.852 -3421.73
257.051 -3611.48
257.251 -3849.67
257.45 -4089.13
257.649 -4149.36
257.848 -4197.28
258.047 -4598.21
258.246 -4549.25
258.445 -4843.56
258.644 -5077.72
258.843 -4695.41
259.043 -4732.59
259.242 -5163.16
259.441 -4500.33
259.64 -4561.61
259.839 -4536.42
260.038 -4065.1
260.237 -4076.95
260.436 -3921.22
260.635 -3778.26
260.834 -3884.5
261.034 -3387.98
261.233 -3329.3
261.432 -3553.33
261.631 -3470.91
261.83 -3482.69
262.029 -3635.59
262.228 -3506.22
262.427 -3541.47
262.626 -3576.71
262.825 -3412.21
263.025 -3999.45
263.224 -3259.6
263.423 -3423.99
263.622 -3470.93
263.821 -3212.81
269.794 -3096.47
269.993 -3201.75
270.192 -3634.25
270.391 -3306.99
270.59 -3085.03
270.79 -3038.37
270.989 -3353.71
271.188 -3166.92
271.387 -3330.35
271.586 -3131.97
271.785 -3925.39
271.984 -3400.35
272.183 -3178.66
272.382 -3400.39
272.582 -3552.32
272.781 -3166.57
272.98 -3670.16
273.179 -3753.1
273.378 -3635.93
273.577 -3612.21
273.776 -3861.65
273.975 -4460.17
274.174 -4137.31
274.373 -4149.28
274.573 -4342.7
274.772 -4306.38
274.971 -4318.48
275.17 -4463.15
275.369 -3932.94
275.568 -3491.06
275.767 -4051.44
275.966 -3057.92
276.165 -3142.82
276.365 -3004.31
276.564 -3040.05
276.763 -2994.11
276.962 -3120.22
277.161 -2879.39
277.36 -2845.1
277.559 -2890.77
277.758 -2947.91
277.957 -2993.75
278.156 -2684.67
278.356 -3189.08
278.555 -2902.17
278.754 -3178.24
278.953 -2971.06
279.152 -2751.95
279.351 -3374.73
279.55 -3155.58
279.749 -2740.14
279.948 -3109.42
280.147 -2705.59
280.347 -3213.22
280.546 -3017.13
280.745 -3328.44
280.944 -2809.65
281.143 -2798.19
281.342 -3236.04
281.541 -3178.39
281.74 -3040.17
281.939 -2902.03
282.139 -3005.63
290.302 -2558.28
290.501 -3131.51
290.7 -2696.05
290.899 -2776.3
291.098 -2936.63
291.297 -2810.72
291.496 -2822.17
291.696 -2970.97
291.895 -2810.6
292.094 -3131.99
292.293 -2889.96
292.492 -3622.07
292.691 -3552.86
292.89 -4937.93
293.089 -5476.41
293.288 -8173.15
293.487 -10010.1
293.687 -14021.6
293.886 -18486.9
294.085 -23893.7
294.284 -30743.8
294.483 -39101.4
294.682 -43014.2
294.881 -49145.4
295.08 -51479.5
295.279 -53907.6
295.479 -49158.6
295.678 -47664.4
295.877 -40934.8
296.076 -32681.4
296.275 -27256.4
296.474 -21133.1
296.673 -15612.7
296.872 -11814.1
297.071 -8574.93
297.27 -6119.39
297.47 -4732.91
297.669 -3516.77
297.868 -3330.18
298.067 -3200.49
298.266 -2617.49
298.465 -2335.09
298.664 -2572.9
298.863 -2527.89
299.062 -2561.7
299.262 -2550.46
299.461 -2572.94
299.66 -2662.82
299.859 -2370.77
300.058 -2584.12
347.047 -1800.31
347.246 -1964.71
347.445 -1899.26
347.645 -2259.81
347.844 -2008.7
348.043 -2161.44
348.242 -2085.09
348.441 -2117.86
348.64 -2161.67
348.839 -2172.09
349.038 -3056.85
349.237 -3317.31
349.437 -4352.29
349.636 -5351.36
349.835 -8073.45
350.034 -12284.6
350.233 -17671.4
350.432 -25959
350.631 -33322.2
350.83 -42653.7
351.029 -58153.3
351.228 -70435.2
351.428 -81810.6
351.627 -89545.1
351.826 -95408.9
352.025 -92774.6
352.224 -89596.8
352.423 -83564.1
352.622 -71180.1
352.821 -58800.4
353.02 -47743.6
353.22 -33869
353.419 -25402
353.618 -17715.4
353.817 -11787.9
354.016 -7771.46
354.215 -5289.25
354.414 -3268.22
354.613 -2583.36
354.812 -2602.03
355.012 -1836.24
355.211 -1570.53
355.41 -1434.58
355.609 -1519.45
355.808 -1749.81
356.007 -1571.97
356.206 -1530.25
356.405 -1613.53
356.604 -1613.42
356.804 -1467.93
381.891 -1283.62
382.09 -1314.19
382.29 -1181.77
382.489 -1304.01
382.688 -1151.25
382.887 -1192
383.086 -1263.29
383.285 -1517.82
383.484 -1365.1
383.683 -1242.93
383.882 -1589.12
384.082 -1416.05
384.281 -1436.5
384.48 -1548.87
384.679 -1222.03
384.878 -1426.66
385.077 -1509.07
385.276 -1364.61
385.475 -1582.24
385.674 -1456.87
385.874 -1813.9
386.073 -1782.91
386.272 -1910.97
386.471 -1815.07
386.67 -2115.7
386.869 -1674.81
387.068 -1793.08
387.267 -1760.67
387.466 -1836.11
387.666 -2127.48
387.865 -1857.54
388.064 -1976.42
388.263 -2084.81
388.462 -2204.35
388.661 -1932.87
388.86 -2019.78
389.059 -1954.75
389.258 -1890.05
389.458 -1879.36
389.657 -1697.87
389.856 -1719.29
390.055 -1488.05
390.254 -1779.97
390.453 -1550.67
390.652 -1005.52
390.851 -1590.16
391.05 -1354.94
391.25 -1263.38
391.449 -1405.56
391.648 -1151.96
391.847 -1324.31
392.046 -1425.57
392.245 -1293.91
392.444 -1192.67
392.643 -1101.59
392.842 -1384.98
393.042 -1202.83
393.241 -1212.96
393.44 -1304.01
393.639 -1212.97
393.838 -1405.14
449.789 -879.973
449.988 -738.845
450.187 -654.222
450.386 -832.91
450.585 -795.306
450.784 -889.284
450.983 -870.474
451.183 -720.177
451.382 -767.149
451.581 -889.218
451.78 -823.491
451.979 -1039.48
452.178 -861.079
452.377 -908.136
452.576 -814.099
452.775 -795.192
452.975 -927.593
453.174 -690.208
453.373 -794.331
453.572 -841.695
453.771 -870.059
453.97 -1083.37
454.169 -888.147
454.368 -1132.99
454.567 -867.265
454.767 -1212.07
454.966 -1005.13
455.165 -1054.42
455.364 -1230.39
455.563 -1248.62
455.762 -928.096
455.961 -947.37
456.16 -861.276
456.36 -908.727
456.559 -644.3
456.758 -898.655
456.957 -701.683
457.156 -888.777
457.355 -757.989
457.554 -720.732
457.753 -702.149
457.952 -841.783
458.152 -795.238
458.351 -692.937
458.55 -776.625
458.749 -767.327
458.948 -748.74
459.147 -609.35
459.346 -720.855
459.545 -823.121
459.744 -841.785
459.944 -739.368
460.143 -888.716
460.342 -982.651
460.541 -720.117
460.74 -870.697
460.939 -975.114
461.138 -785.087
461.337 -975.97
461.536 -1072.22
461.736 -851.158
461.935 -957.067
462.134 -918.525
462.333 -1005.11
462.532 -841.893
462.731 -765.794
462.93 -813.843
463.129 -842.388
463.329 -870.501
463.528 -748.564
463.727 -823.229
463.926 -683.751
464.125 -591.316
464.324 -637.823
464.523 -674.878
464.722 -619.614
464.921 -822.375
465.121 -601.335
465.32 -739.44
465.519 -785.43
465.718 -721.029
465.917 -610.704
466.116 -730.215
466.315 -675.082
466.514 -822.053
466.713 -877.111
466.913 -776.086
475.475 -720.09
475.674 -792.141
475.873 -575.923
476.072 -674.985
476.271 -692.974
476.47 -710.951
476.669 -531.013
476.868 -549.024
477.068 -576.013
477.267 -576.014
477.466 -584.997
477.665 -476.981
477.864 -539.863
478.063 -900.808
478.262 -675.178
478.461 -766.235
478.66 -720.963
478.86 -656.429
479.059 -683.518
479.258 -861.133
479.457 -766.321
479.656 -995.316
479.855 -966.743
480.054 -1073.67
480.253 -917.629
480.452 -985.955
480.652 -1005.54
480.851 -1024.96
481.05 -1005.28
481.249 -1052.32
481.448 -1012.63
481.647 -608.216
481.846 -674.687
482.045 -537.609
482.245 -657.045
482.444 -584.778
482.643 -594.017
482.842 -665.726
483.041 -585.21
483.24 -603.06
483.439 -629.757
483.638 -425.12
483.837 -611.928
484.037 -478.535
484.236 -496.276
484.435 -665.408
484.634 -772.667
484.833 -612.011
485.032 -674.978
485.231 -584.536
485.43 -812.425
485.63 -748.743
485.829 -954.515
486.028 -823.395
486.227 -841.74
486.426 -976.402
486.625 -917.15
486.824 -1153.01
487.023 -1044.21
487.222 -1400.82
487.422 -995.052
487.621 -809.206
487.82 -1102.72
488.019 -985.811
488.218 -813.929
488.417 -851.451
488.616 -748.713
488.815 -729.947
489.014 -476.523
489.214 -620.961
489.413 -691.978
489.612 -532.109
489.811 -708.73
490.01 -620.346
490.209 -523.519
490.408 -409.341
490.607 -532.341
490.807 -690.278
491.006 -435.886
491.205 -602.487
491.404 -453.498
491.603 -558.642
491.802 -471.077
492.001 -611.141
575.233 -321.821
575.432 -313.608
575.631 -371.288
575.83 -503.008
576.03 -412.441
576.229 -511.139
576.428 -354.857
576.627 -371.305
576.826 -379.527
577.025 -379.527
577.224 -313.683
577.423 -387.763
577.623 -371.23
577.822 -329.615
578.021 -404.317
578.22 -496.811
578.419 -514.369
578.618 -557.94
578.817 -506.166
579.016 -461.204
579.216 -683.842
579.415 -584.321
579.614 -665.922
579.813 -785.732
580.012 -878.713
580.211 -711.603
580.41 -739.494
580.609 -610.692
580.808 -711.662
581.008 -656.958
581.207 -567.498
581.406 -663.593
581.605 -471.745
581.804 -378.154
582.003 -437.847
582.202 -404.325
582.401 -412.614
582.601 -305.269
582.8 -371.305
582.999 -330.305
583.198 -469.578
583.397 -338.617
583.596 -461.109
583.795 -354.998
583.994 -265.492
584.194 -403.758
584.393 -346.899
584.592 -338.807
584.791 -411.607
584.99 -330.752
585.189 -258.152
585.388 -435.566
585.587 -338.839
585.787 -346.888
585.986 -322.752
586.185 -306.683
586.384 -218.324
586.583 -306.714
586.782 -346.856
586.981 -306.741
587.18 -338.824
587.38 -346.834
587.579 -370.855
587.778 -386.846
587.977 -306.799
588.176 -362.794
604.504 -529.839
604.703 -437.749
604.902 -454.446
605.101 -312.35
605.301 -337.196
605.5 -480.076
605.699 -514.688
605.898 -602.684
606.097 -730.129
606.296 -1034.43
606.495 -1272.09
606.694 -2117.26
606.894 -4001.79
607.093 -5350.43
607.292 -8309.7
607.491 -12731.1
607.69 -18413.4
607.889 -25371.1
608.088 -33351.7
608.287 -41839.6
608.487 -53941.6
608.686 -61293.8
608.885 -70452.1
609.084 -77814.3
609.283 -80587.3
609.482 -77372.6
609.681 -75949
609.88 -66454
610.08 -59791.7
610.279 -47389.8
610.478 -38024.8
610.677 -29739.6
610.876 -19991.5
611.075 -14473.5
611.274 -9711.95
611.473 -6194.1
611.672 -4028.85
611.872 -2246.54
612.071 -1446.36
612.27 -1102.82
612.469 -575.316
612.668 -351.809
612.867 -379.525
613.066 -322.81
613.265 -283.365
613.465 -275.634
613.664 -283.32
613.863 -451.976
614.062 -237.299
614.261 -244.975
656.675 -244.965
656.874 -252.458
657.073 -267.434
657.272 -214.983
657.471 -192.541
657.67 -155.17
657.869 -200.066
658.069 -274.782
658.268 -237.429
658.467 -170.268
658.666 -259.799
658.865 -185.209
659.064 -170.276
659.263 -274.761
659.462 -312.205
659.662 -244.945
659.861 -229.948
660.06 -229.917
660.259 -343.496
660.458 -260.214
660.657 -252.581
660.856 -314.064
661.055 -329.71
661.255 -229.123
661.454 -166.865
661.653 -267.847
661.852 -345.58
662.051 -283.394
662.25 -244.598
662.449 -252.34
662.648 -330.153
662.848 -346.21
663.047 -258.965
663.246 -346.829
663.445 -437.823
663.644 -410.789
663.843 -576.017
664.042 -683.53
664.241 -1034.01
664.441 -1113.55
664.64 -1263.45
664.839 -1602.56
665.038 -1760.83
665.237 -1571.1
665.436 -1878.59
665.635 -1645.19
665.834 -1676.89
666.034 -1374.75
666.233 -1486.97
666.432 -1133.37
666.631 -812.653
666.83 -627.735
667.029 -665.816
667.228 -532.133
667.427 -420.939
667.627 -282.744
667.826 -229.049
668.025 -313.122
668.224 -267.052
668.423 -280.974
668.622 -229.468
668.821 -185.997
669.02 -193.193
669.22 -178.85
669.419 -178.86
669.618 -157.442
669.817 -193.137
670.016 -150.366
670.215 -150.394
670.414 -164.647
698.292 -229.944
698.491 -237.368
698.69 -118.58
698.89 -281.876
699.089 -259.599
699.288 -244.757
699.487 -281.827
699.686 -259.593
699.885 -207.669
700.084 -215.078
700.283 -252.329
700.483 -222.469
700.682 -162.002
700.881 -222.115
701.08 -229.304
701.279 -236.279
701.478 -346.781
701.677 -265.329
701.876 -337.789
702.076 -505.677
702.275 -488.991
702.474 -654.997
702.673 -691.528
702.872 -567.38
703.071 -585.169
703.27 -540.537
703.469 -647.411
703.669 -541.11
703.868 -358.897
704.067 -420.693
704.266 -521.297
704.465 -354.957
704.664 -362.844
704.863 -330.434
705.063 -321.844
705.262 -298.096
705.461 -229.962
705.66 -200.262
705.859 -97.2751
706.058 -171.116
706.257 -266.181
706.456 -251.463
706.656 -316.862
706.855 -135.052
707.054 -164.151
707.253 -222.219
707.452 -171.448
707.651 -156.971
707.85 -207.688
708.049 -200.443
715.019 -186.012
715.218 -271.959
715.417 -164.51
715.616 -135.798
715.815 -186.012
716.015 -150.078
716.214 -265.144
716.413 -193.205
716.612 -185.991
716.811 -214.913
717.01 -156.886
717.209 -244.241
717.408 -148.957
717.608 -281.86
717.807 -102.323
718.006 -237.364
718.205 -205.92
718.404 -385.814
718.603 -419.222
718.802 -330.386
719.002 -429.313
719.201 -522.315
719.4 -565.801
719.599 -523.434
719.798 -463.06
719.997 -428.517
720.196 -540.61
720.395 -437.701
720.595 -336.62
720.794 -437.606
720.993 -305.849
721.192 -306.661
721.391 -243.672
721.59 -275.618
721.789 -252.564
721.988 -313.216
722.188 -335.072
722.387 -162.843
722.586 -259.628
722.785 -89.2804
722.984 -237.277
723.183 -237.261
723.382 -266.787
723.581 -215.11
723.781 -207.723
723.98 -200.327
724.179 -229.897
724.378 -252.104
724.577 -289.147
724.776 -141.008
758.23 -72.965
758.429 -228.264
758.628 -164.733
758.827 -157.675
759.027 -164.733
759.226 -178.851
759.425 -143.556
759.624 -178.851
759.823 -164.732
760.022 -171.792
760.221 -221.234
760.421 -178.857
760.62 -221.287
760.819 -214.254
761.018 -122.173
761.217 -164.675
761.416 -164.645
761.615 -86.1481
761.814 -214.623
762.014 -171.663
762.213 -178.809
762.412 -250.945
762.611 -258.317
762.81 -185.955
763.009 -171.435
763.208 -156.922
763.407 -193.201
763.607 -171.49
763.806 -135.421
764.005 -185.999
764.204 -257.928
764.403 -200.379
764.602 -229.147
764.801 -214.866
765.001 -244.171
765.2 -252.132
765.399 -267.787
765.598 -377.7
765.797 -412.391
765.996 -670.338
766.195 -757.157
766.394 -918.581
766.594 -1334.08
766.793 -1497.79
766.992 -2062.92
767.191 -2640.36
767.39 -3003.05
767.589 -3837.6
767.788 -4585.96
767.988 -4757.19
768.187 -5326.36
768.386 -5326.57
768.585 -5090.5
768.784 -5114.08
768.983 -4658.06
769.182 -3635.52
769.381 -2958.44
769.581 -2989.68
769.78 -1628.59
769.979 -1665.79
770.178 -1282.66
770.377 -728.792
770.576 -558.11
770.775 -497.393
770.974 -363.127
771.174 -330.077
771.373 -244.985
771.572 -127.023
771.771 -128.237
771.97 -171.72
772.169 -164.671
772.368 -108.093
772.568 -115.277
772.767 -143.562
772.966 -214.119
773.165 -242.321
781.13 -150.209
781.329 -150.231
781.528 -186.011
781.728 -186.01
781.927 -186.009
782.126 -171.718
782.325 -143.115
782.524 -178.853
782.723 -142.929
782.922 -229.294
783.122 -229.563
783.321 -266.669
783.52 -229.962
783.719 -252.579
783.918 -291.187
784.117 -387.383
784.316 -429.375
784.515 -506.236
784.715 -682.912
784.914 -802.922
785.113 -748.644
785.312 -775.719
785.511 -899.203
785.71 -1034.75
785.909 -898.061
786.108 -966.525
786.308 -1063.64
786.507 -908.998
786.706 -823.516
786.905 -628.856
787.104 -647.926
787.303 -462.579
787.502 -378.7
787.702 -592.069
787.901 -251.526
788.1 -267.908
788.299 -267.351
788.498 -207.756
788.697 -207.584
788.896 -193.08
789.095 -242.208
789.295 -199.77
789.494 -227.522
789.693 -116.075
789.892 -67.5604
790.091 -206.336
790.29 -143.956
790.489 -109.375
790.689 -164.717
790.888 -102.547
791.087 -130.195
791.286 -150.901
801.243 -200.37
801.442 -207.543
801.641 -150.14
801.84 -157.322
802.039 -221.874
802.238 -142.972
802.437 -128.586
802.636 -207.576
802.836 -214.833
803.035 -229.422
803.234 -149.353
803.433 -288.954
803.632 -199.936
803.831 -244.902
804.03 -377.726
804.23 -322.583
804.429 -504.742
804.628 -480.322
804.827 -594.141
805.026 -794.531
805.225 -880.07
805.424 -985.941
805.623 -1103.36
805.823 -1034.31
806.022 -1193.13
806.221 -1133.25
806.42 -1282.58
806.619 -1182.52
806.818 -986.107
807.017 -880.338
807.217 -664.777
807.416 -502.864
807.615 -470.731
807.814 -395.197
808.013 -346.595
808.212 -290.93
808.411 -337.534
808.61 -169.572
808.81 -155.991
809.009 -324.147
809.208 -236.375
809.407 -136.017
809.606 -171.768
809.805 -221.373
810.004 -193
810.204 -192.975
810.403 -157.683
810.602 -192.943
810.801 -136.56
811 -150.662
834.1 -200.363
834.299 -171.669
834.498 -214.691
834.697 -143.013
834.896 -143.026
835.095 -214.666
835.294 -100.051
835.494 -243.345
835.693 -264.924
835.892 -200.385
836.091 -171.571
836.29 -185.95
836.489 -207.754
836.688 -163.409
836.887 -252.433
837.087 -351.665
837.286 -314.493
837.485 -291.017
837.684 -306.263
837.883 -312.987
838.082 -403.936
838.281 -635.618
838.481 -619.862
838.68 -629.416
838.879 -594.145
839.078 -603.061
839.277 -567.468
839.476 -399.768
839.675 -637.149
839.874 -643.821
840.074 -336.519
840.273 -329.88
840.472 -330.742
840.671 -212.169
840.87 -144.399
841.069 -290.364
841.268 -252.202
841.468 -215.066
841.667 -207.657
841.866 -193.174
842.065 -185.99
842.264 -150.528
842.463 -164.727
842.662 -221.145
842.862 -150.669
843.061 -150.688
843.26 -164.759
843.459 -157.737
843.658 -164.763
843.857 -220.9
855.606 -200.351
855.805 -114.273
856.004 -186.012
856.204 -157.274
856.403 -207.577
856.602 -186.007
856.801 -279.595
857 -186.001
857.199 -236.458
857.398 -207.633
857.598 -207.641
857.797 -193.208
857.996 -200.429
858.195 -193.208
858.394 -149.88
858.593 -207.645
858.792 -207.636
858.991 -128.335
859.191 -135.604
859.39 -243.534
859.589 -128.561
859.788 -250.565
859.987 -135.856
860.186 -157.369
860.385 -193.173
860.585 -214.669
860.784 -164.497
860.983 -293.77
861.182 -135.609
861.381 -200.425
861.58 -258.33
861.779 -178.687
861.978 -178.636
862.178 -149.419
862.377 -215.06
862.576 -178.479
862.775 -185.765
862.974 -215.097
863.173 -193.054
863.372 -185.679
863.572 -244.56
863.771 -193.003
863.97 -229.859
864.169 -244.628
864.368 -303.721
864.567 -192.942
864.766 -252.077
864.966 -178.114
865.165 -192.895
865.364 -222.509
929.088 -171.792
929.287 -192.938
929.486 -214.073
929.685 -136.557
929.884 -164.742
930.083 -242.394
930.282 -193.026
930.482 -143.295
930.681 -171.659
930.88 -142.271
931.079 -281.842
931.278 -244.985
931.477 -346.279
931.676 -346.767
931.876 -403.519
932.075 -433.559
932.274 -823.2
932.473 -1034.58
932.672 -1233.31
932.871 -1333
933.07 -1601.75
933.27 -2248.68
933.469 -2526.84
933.668 -2752.6
933.867 -2504.87
934.066 -3037.27
934.265 -2584.09
934.464 -2516.77
934.664 -2316.04
934.863 -1943.6
935.062 -1910.66
935.261 -1643.8
935.46 -1023.05
935.659 -918.506
935.858 -591.444
936.058 -461.242
936.257 -420.902
936.456 -355.008
936.655 -252.256
936.854 -184.823
937.053 -207.756
937.252 -200.336
937.451 -207.075
937.651 -94.897
937.85 -143.92
938.049 -185.468
938.248 -178.494
938.447 -144.017
938.646 -171.546
938.845 -219.648
959.158 -178.699
959.357 -150.83
959.556 -164.764
959.755 -136.896
959.954 -136.894
960.153 -164.765
960.352 -157.794
960.552 -157.791
960.751 -178.74
960.95 -150.771
961.149 -227.944
961.348 -178.843
961.547 -207.249
961.746 -150.249
961.946 -200.435
962.145 -222.394
962.344 -215.088
962.543 -252.543
962.742 -237.238
962.941 -275.609
963.14 -370.172
963.34 -314.789
963.539 -290.257
963.738 -395.765
963.937 -412.262
964.136 -469.65
964.335 -256.917
964.534 -338.769
964.734 -338.839
964.933 -338.7
965.132 -291.2
965.331 -152.169
965.53 -305.732
965.729 -237.433
965.928 -215.106
966.128 -185.938
966.327 -236.238
966.526 -79.3539
966.725 -270.602
966.924 -185.825
967.123 -136.791
967.322 -164.767
967.522 -164.763
967.721 -143.885
967.92 -164.757
968.119 -178.656
968.318 -143.907
968.517 -130.014
968.716 -136.964
968.916 -171.698
1046.98 -175.77
1047.18 -97.9774
1047.38 -97.9916
1047.58 -117.405
1047.78 -175.561
1047.97 -143.232
1048.17 -98.0303
1048.37 -59.2948
1048.57 -98.0209
1048.77 -110.937
1048.97 -97.9534
1049.17 -97.8732
1049.37 -110.852
1049.57 -110.739
1049.77 -83.7535
1049.97 -177.999
1050.17 -137.11
1050.36 -220.905
1050.56 -171.716
1050.76 -229.561
1050.96 -207.706
1051.16 -282.519
1051.36 -298.205
1051.56 -275.572
1051.76 -190.809
1051.96 -399.188
1052.16 -244.8
1052.36 -191.321
1052.56 -267.753
1052.75 -244.929
1052.95 -141.471
1053.15 -214.898
1053.35 -150.516
1053.55 -192.535
1053.75 -96.4099
1053.95 -43.7251
1054.15 -117.401
1054.35 -85.0182
1054.55 -136.55
1054.75 -98.2014
1054.94 -117.127
1055.14 -73.1674
1055.34 -129.436
1055.54 -116.89
1055.74 -110.629
1055.94 -92.0045
1056.14 -67.2522
1056.34 -116.726
1056.54 -85.8332
1056.74 -116.663
1065.1 -85.2701
1065.3 -78.851
1065.5 -136.616
1065.7 -91.6834
1065.9 -110.942
1066.1 -72.4014
1066.3 -91.6597
1066.5 -123.813
1066.69 -117.389
1066.89 -169.101
1067.09 -136.875
1067.29 -117.421
1067.49 -156.806
1067.69 -137.22
1067.89 -110.491
1068.09 -137.281
1068.29 -150.904
1068.49 -178.763
1068.69 -185.982
1068.88 -178.775
1069.08 -229.708
1069.28 -163.277
1069.48 -342.05
1069.68 -192.347
1069.88 -207.291
1070.08 -282.697
1070.28 -229.95
1070.48 -274.723
1070.68 -252.048
1070.88 -98.2819
1071.08 -142.833
1071.27 -207.214
1071.47 -164.767
1071.67 -116.56
1071.87 -110.205
1072.07 -217.527
1072.27 -24.7388
1072.47 -156.761
1072.67 -149.997
1072.87 -110.931
1073.07 -85.0976
1073.27 -98.0525
1073.47 -155.992
1073.66 -53.0802
1073.86 -123.794
1074.06 -149.482
1074.26 -104.52
1074.46 -136.627
1074.66 -65.9953
1074.86 -123.784
1115.29 -46.8085
1115.48 -72.4511
1115.68 -117.368
1115.88 -123.845
1116.08 -104.413
1116.28 -123.975
1116.48 -144.054
1116.68 -192.733
1116.88 -310.279
1117.08 -360.893
1117.28 -387.764
1117.48 -655.777
1117.68 -889.452
1117.87 -1103.01
1118.07 -1719.33
1118.27 -2271.08
1118.47 -3412.05
1118.67 -4318.4
1118.87 -5739.97
1119.07 -7055.33
1119.27 -8933.62
1119.47 -10537
1119.67 -11113.6
1119.87 -11953.5
1120.07 -12550
1120.26 -13248.7
1120.46 -13653.8
1120.66 -12355.8
1120.86 -12338.1
1121.06 -10362.7
1121.26 -8441.83
1121.46 -6897.55
1121.66 -5929.2
1121.86 -4303.6
1122.06 -3576.92
1122.26 -2629.31
1122.45 -1664.24
1122.65 -1334.55
1122.85 -765.503
1123.05 -504.597
1123.25 -337.525
1123.45 -236.675
1123.65 -251.495
1123.85 -185.324
1124.05 -25.386
1124.25 -66.436
1124.45 -98.2078
1124.65 -110.313
1124.84 -122.182
1125.04 -121.943
1125.24 -79.8293
1128.63 -79.5021
1128.83 -85.7533
1129.03 -110.685
1129.23 -123.123
1129.42 -79.556
1129.62 -85.7824
1129.82 -48.501
1130.02 -79.5731
1130.22 -104.432
1130.42 -60.8785
1130.62 -129.413
1130.82 -73.1924
1131.02 -180.044
1131.22 -142.585
1131.42 -72.5287
1131.62 -91.5022
1131.81 -169.942
1132.01 -137.272
1132.21 -171.176
1132.41 -150.904
1132.61 -87.8241
1132.81 -129.223
1133.01 -157.31
1133.21 -171.487
1133.41 -215.017
1133.61 -236.936
1133.81 -302.478
1134.01 -156.939
1134.2 -157.238
1134.4 -235.762
1134.6 -129.709
1134.8 -102.61
1135 -218.622
1135.2 -103.984
1135.4 -130.489
1135.6 -104.519
1135.8 -136.164
1136 -79.5076
1136.2 -79.6652
1136.4 -134.781
1136.59 -49.4414
1136.79 -91.895
1136.99 -103.882
1137.19 -97.815
1137.39 -67.8669
1137.59 -79.8269
1137.79 -61.9444
1137.99 -91.7247
1138.19 -103.594
1138.39 -50.1307
1138.59 -32.3726
1150.34 -104.546
1150.53 -142.717
1150.73 -85.4754
1150.93 -142.676
1151.13 -129.977
1151.33 -117.281
1151.53 -98.1508
1151.73 -85.2306
1151.93 -156.366
1152.13 -51.5204
1152.33 -130.581
1152.53 -109.507
1152.73 -185.994
1152.92 -141.312
1153.12 -267.902
1153.32 -290.912
1153.52 -280.056
1153.72 -617.769
1153.92 -673.911
1154.12 -666.112
1154.32 -879.385
1154.52 -918.428
1154.72 -1072.96
1154.92 -1005.55
1155.11 -809.565
1155.31 -1142.53
1155.51 -810.735
1155.71 -1005.29
1155.91 -956.339
1156.11 -748.702
1156.31 -666.139
1156.51 -585.173
1156.71 -505.959
1156.91 -305.566
1157.11 -267.468
1157.31 -260.142
1157.5 -149.674
1157.7 -178.699
1157.9 -170.888
1158.1 -143.459
1158.3 -79.1638
1158.5 -54.6659
1158.7 -55.1992
1158.9 -152.626
1159.1 -91.8732
1159.3 -73.8355
1159.5 -115.655
1159.7 -103.639
1159.89 -67.9361
1160.09 -32.3867
1168.26 -49.0512
1168.46 -91.9913
1168.66 -61.3577
1168.86 -43.0085
1169.06 -79.7468
1169.25 -134.789
1169.45 -140.883
1169.65 -73.6439
1169.85 -79.7548
1170.05 -110.328
1170.25 -134.842
1170.45 -91.9931
1170.65 -48.942
1170.85 -73.4786
1171.05 -92.0022
1171.25 -104.478
1171.44 -85.6357
1171.64 -168.059
1171.84 -175.042
1172.04 -65.6408
1172.24 -110.89
1172.44 -104.226
1172.64 -104.083
1172.84 -170.568
1173.04 -190.721
1173.24 -150.652
1173.44 -90.5723
1173.64 -70.801
1173.83 -104.165
1174.03 -104.314
1174.23 -169.318
1174.43 -104.522
1174.63 -85.4949
1174.83 -129.643
1175.03 -91.9987
1175.23 -92.0032
1175.43 -30.8783
1175.63 -43.3926
1175.83 -91.8876
1176.03 -133.887
1176.22 -55.8877
1176.42 -55.9508
1176.62 -55.9979
1176.82 -85.7655
1177.02 -103.568
1177.22 -85.7426
1177.42 -97.5832
1177.62 -103.482
1177.82 -73.8856
1178.02 -38.431
1202.71 -67.9026
1202.91 -127.524
1203.11 -127.538
1203.31 -145.458
1203.51 -44.0056
1203.71 -97.7562
1203.91 -79.8291
1204.11 -79.829
1204.3 -19.6249
1204.5 -49.5561
1204.7 -104.155
1204.9 -73.5342
1205.1 -73.2813
1205.3 -41.1694
1205.5 -65.719
1205.7 -143.781
1205.9 -157.576
1206.1 -74.7054
1206.3 -193.057
1206.5 -171.432
1206.69 -207.698
1206.89 -214.855
1207.09 -214.381
1207.29 -383.715
1207.49 -330.003
1207.69 -267.832
1207.89 -244.568
1208.09 -298.772
1208.29 -252.595
1208.49 -244.989
1208.69 -207.713
1208.88 -258.404
1209.08 -150.536
1209.28 -164.722
1209.48 -150.808
1209.68 -110.775
1209.88 -130.326
1210.08 -66.4839
1210.28 -160.695
1210.48 -48.8111
1210.68 -122.549
1210.88 -55.5048
1211.08 -61.6811
1211.27 -73.7972
1211.47 -85.8411
1211.67 -91.8428
1211.87 -67.8216
1212.07 -73.8273
1212.27 -127.835
1212.47 -103.831
1233.18 -85.6265
1233.38 -32.7438
1233.58 -73.8886
1233.78 -38.3728
1233.98 -103.679
1234.18 -85.8557
1234.38 -128.91
1234.58 -129.825
1234.77 -123.968
1234.97 -144.041
1235.17 -200.447
1235.37 -306.276
1235.57 -289.869
1235.77 -463.116
1235.97 -729.895
1236.17 -803.65
1236.37 -1143.09
1236.57 -1457.29
1236.77 -1782.18
1236.96 -2760.25
1237.16 -2913.23
1237.36 -3016.59
1237.56 -3329.63
1237.76 -4123.2
1237.96 -3933.32
1238.16 -3933.28
1238.36 -3849.7
1238.56 -3398.87
1238.76 -3494.26
1238.96 -3374.32
1239.16 -2584.19
1239.35 -1974.81
1239.55 -1847.01
1239.75 -1560.28
1239.95 -1064.21
1240.15 -785.891
1240.35 -522.69
1240.55 -353.392
1240.75 -402.469
1240.95 -214.932
1241.15 -122.094
1241.35 -137.302
1241.55 -110.94
1241.74 -129.485
1241.94 -128.584
1242.14 -79.8286
1242.34 -79.8167
1242.54 -56.1774
1242.74 -103.297
1242.94 -26.9315
1276 -73.8805
1276.2 -44.6656
1276.4 -73.8773
1276.6 -79.7172
1276.79 -79.7243
1276.99 -44.5959
1277.19 -68.006
1277.39 -85.7321
1277.59 -67.8463
1277.79 -98.0496
1277.99 -135.579
1278.19 -110.937
1278.39 -84.2094
1278.59 -192.216
1278.79 -200.359
1278.99 -200.05
1279.18 -260.031
1279.38 -355
1279.58 -421.034
1279.78 -601.319
1279.98 -496.532
1280.18 -575.479
1280.38 -711.814
1280.58 -944.575
1280.78 -767.126
1280.98 -842.35
1281.18 -842.282
1281.38 -571.537
1281.57 -702.616
1281.77 -548.435
1281.97 -594.084
1282.17 -609.662
1282.37 -379.268
1282.57 -363.005
1282.77 -368.527
1282.97 -207.677
1283.17 -242.732
1283.37 -110.131
1283.57 -84.8889
1283.77 -135.794
1283.96 -85.8642
1284.16 -73.8886
1284.36 -85.368
1284.56 -62.3281
1284.76 -56.7003
1284.96 -73.4476
1285.16 -34.5389
1285.36 -34.6227
1285.56 -62.2264
1285.76 -40.2241
1327.58 -45.2002
1327.78 -62.322
1327.98 -73.738
1328.18 -85.1559
1328.38 -73.7398
1328.57 -39.4814
1328.77 -85.1647
1328.97 -62.3202
1329.17 -73.7483
1329.37 -62.3182
1329.57 -73.7586
1329.77 -62.3139
1329.97 -68.0432
1330.17 -79.5294
1330.37 -33.5378
1330.57 -56.5231
1330.77 -62.2744
1330.96 -44.8724
1331.16 -62.2369
1331.36 -21.4075
1331.56 -91.4184
1331.76 -91.4688
1331.96 -97.3832
1332.16 -73.8885
1332.36 -38.5573
1332.56 -85.6679
1332.76 -73.8886
1332.96 -68.0094
1333.15 -85.6223
1333.35 -56.3208
1333.55 -108.907
1333.75 -85.5112
1333.95 -68.0507
1334.15 -73.8425
1334.35 -56.503
1334.55 -33.4767
1334.75 -85.3056
1334.95 -73.7906
1335.15 -62.308
1335.35 -96.7015
1335.54 -90.9537
1335.74 -79.4912
1335.94 -45.1428
1336.14 -27.9771
1336.34 -68.0383
1336.54 -102.372
1336.74 -10.8153
1336.94 -79.483
1337.14 -85.2061
1337.34 -50.8699
1372.79 -91.8115
1372.99 -73.8364
1373.18 -43.8213
1373.38 -103.907
1373.58 -104.033
1373.78 -91.9829
1373.98 -85.7877
1374.18 -98.1924
1374.38 -143.612
1374.58 -144.072
1374.78 -150.416
1374.98 -229.964
1375.18 -322.64
1375.38 -437.405
1375.57 -541.007
1375.77 -557.075
1375.97 -785.568
1376.17 -1005.32
1376.37 -1222.96
1376.57 -1436.54
1376.77 -1857.61
1376.97 -1900.55
1377.17 -2139.71
1377.37 -2460.03
1377.57 -2660.78
1377.77 -2171.32
1377.96 -2194.2
1378.16 -2545.98
1378.36 -2063.11
1378.56 -1516.89
1378.76 -1582.32
1378.96 -1293.91
1379.16 -1015.16
1379.36 -672.078
1379.56 -911.171
1379.76 -410.956
1379.96 -396.002
1380.16 -424.037
1380.35 -200.305
1380.55 -143.719
1380.75 -103.903
1380.95 -117.32
1381.15 -92.0047
1381.35 -91.8417
1381.55 -50.2756
1381.75 -15.3833
1381.95 -56.3543
1382.15 -85.634
1382.35 -67.9305
1382.55 -140.326
1382.74 -73.4201
1382.94 -117.287
1383.14 -137.119
1383.34 -150.866
1383.54 -227.996
1383.74 -156.903
1383.94 -214.999
1384.14 -267.913
1384.34 -259.672
1384.54 -387.018
1384.74 -363.149
1384.93 -354.79
1385.13 -437.507
1385.33 -337.877
1385.53 -553.373
1385.73 -437.039
1385.93 -330.669
1386.13 -235.076
1386.33 -189.729
1386.53 -252.599
1386.73 -222.493
1386.93 -121.721
1387.13 -171.583
1387.32 -117.313
1387.52 -136.547
1387.72 -104.364
1387.92 -85.8083
1388.12 -62.24
1388.32 -85.0111
1388.52 -78.9654
1388.72 -78.6143
1388.92 -56.6569
1389.12 -61.9736
1389.32 -24.5345
1389.52 -29.9536
1389.71 -56.4787
1389.91 -30.061
1390.11 -30.0998
1396.49 -39.5813
1396.68 -50.9497
1396.88 -45.2484
1397.08 -79.423
1397.28 -62.3208
1397.48 -73.7714
1397.68 -62.292
1397.88 -44.8328
1398.08 -62.1452
1398.28 -79.8257
1398.48 -67.5965
1398.68 -167.024
1398.88 -117.396
1399.07 -137.287
1399.27 -164.752
1399.47 -200.432
1399.67 -222.445
1399.87 -337.918
1400.07 -258.278
1400.27 -354.517
1400.47 -454.778
1400.67 -401.711
1400.87 -656.128
1401.07 -800.461
1401.27 -503.258
1401.46 -593.511
1401.66 -557.317
1401.86 -738.15
1402.06 -540.606
1402.26 -532.319
1402.46 -497.62
1402.66 -463.098
1402.86 -363.136
1403.06 -370.347
1403.26 -252.579
1403.46 -244.621
1403.66 -200.19
1403.85 -178.32
1404.05 -150.514
1404.25 -156.269
1404.45 -206.664
1404.65 -79.0709
1404.85 -156.023
1405.05 -123.975
1405.25 -137.249
1405.45 -164.664
1405.65 -170.507
1405.85 -221.198
1406.05 -338.759
1406.24 -310.802
1406.44 -593.868
1406.64 -647.956
1406.84 -757.913
1407.04 -985.672
1407.24 -1054.38
1407.44 -1044.11
1407.64 -1203.19
1407.84 -1334.07
1408.04 -1273.64
1408.24 -1384.13
1408.44 -1143.26
1408.63 -1014.96
1408.83 -1053.9
1409.03 -927.671
1409.23 -582.564
1409.43 -710.448
1409.63 -480.349
1409.83 -437.539
1410.03 -283.046
1410.23 -207.022
1410.43 -214.946
1410.63 -164.728
1410.82 -110.711
1411.02 -91.7915
1411.22 -104.35
1411.42 -91.8569
1411.62 -38.4861
1411.82 -73.8665
1412.02 -91.1195
1412.22 -62.3105
1412.42 -62.3207
1412.62 -50.928
1412.82 -39.5625
1455.83 -56.6875
1456.03 -40.3206
1456.23 -40.3037
1456.43 -62.1743
1456.63 -45.744
1456.83 -95.1563
1457.03 -29.1899
1457.23 -73.2873
1457.43 -45.6347
1457.63 -79.0106
1457.83 -34.2666
1458.02 -79.3008
1458.22 -33.7353
1458.42 -85.4194
1458.62 -97.3824
1458.82 -49.9752
1459.02 -85.8691
1459.22 -141.514
1459.42 -54.1086
1459.62 -78.8708
1459.82 -176.081
1460.02 -123.973
1460.22 -97.1675
1460.41 -144.047
1460.61 -164.414
1460.81 -110.087
1461.01 -150.86
1461.21 -144.059
1461.41 -144.01
1461.61 -197.031
1461.81 -137.09
1462.01 -33.3378
1462.21 -85.4468
1462.41 -91.9684
1462.61 -61.1822
1462.8 -116.225
1463 -79.8292
1463.2 -97.5521
1463.4 -62.1676
1463.6 -91.2991
1463.8 -56.4965
1464 -45.0329
1464.2 -73.7838
1464.4 -62.3124
1464.6 -73.7636
1464.8 -45.146
1465 -62.3149
1465.19 -27.9505
1465.39 -96.6973
1465.59 -90.9861
1504.23 -67.237
1504.43 -79.6318
1504.63 -122.931
1504.83 -67.2543
1505.03 -135.394
1505.22 -110.66
1505.42 -79.4517
1505.62 -41.3149
1505.82 -130.185
1506.02 -123.959
1506.22 -137.299
1506.42 -150.884
1506.62 -157.336
1506.82 -244.851
1507.02 -283.381
1507.22 -459.633
1507.42 -354.161
1507.61 -662.007
1507.81 -620.919
1508.01 -647.613
1508.21 -861.05
1508.41 -870.715
1508.61 -801.56
1508.81 -1005.34
1509.01 -1014.75
1509.21 -1054.16
1509.41 -1113.53
1509.61 -1074.05
1509.81 -1005.53
1510 -956.789
1510.2 -832.835
1510.4 -656.883
1510.6 -611.941
1510.8 -540.688
1511 -404.336
1511.2 -338.782
1511.4 -206.629
1511.6 -273.761
1511.8 -150.712
1512 -177.752
1512.2 -117.418
1512.39 -129.654
1512.59 -24.6983
1512.79 -67.8545
1512.99 -91.5609
1513.19 -79.6869
1513.39 -68.0528
1513.59 -73.7756
1513.79 -45.2077
1513.99 -56.6443
1533.51 -126.133
1533.7 -79.6612
1533.9 -39.0361
1534.1 -79.6551
1534.3 -68.0512
1534.5 -85.4689
1534.7 -44.793
1534.9 -56.3885
1535.1 -91.4291
1535.3 -97.4154
1535.5 -79.8091
1535.7 -61.861
1535.9 -67.6607
1536.09 -85.8373
1536.29 -98.2318
1536.49 -91.6948
1536.69 -150.202
1536.89 -90.3394
1537.09 -89.1776
1537.29 -171.772
1537.49 -193.143
1537.69 -229.473
1537.89 -273.922
1538.09 -192.81
1538.29 -207.546
1538.48 -252.437
1538.68 -147.652
1538.88 -296.967
1539.08 -274.164
1539.28 -193.16
1539.48 -171.644
1539.68 -157.678
1539.88 -192.408
1540.08 -130.508
1540.28 -150.535
1540.48 -65.2352
1540.67 -78.8234
1540.87 -123.608
1541.07 -123.491
1541.27 -66.6399
1541.47 -129.934
1541.67 -85.32
1541.87 -78.5304
1542.07 -97.7026
1542.27 -163.885
1542.47 -150.784
1542.67 -164.513
1542.87 -109.676
1543.06 -157.804
1543.26 -74.6806
1543.46 -67.8288
1543.66 -233.613
1543.86 -164.585
1544.06 -137.294
1544.26 -204.087
1544.46 -130.55
1544.66 -136.788
1544.86 -174.303
1545.06 -110.658
1545.26 -104.176
1545.45 -49.8692
1545.65 -26.7471
1545.85 -33.2124
1546.05 -45.1084
1546.25 -56.6542
1546.45 -62.323
1546.65 -39.9379
1546.85 -67.8507
1547.05 -62.267
1547.25 -18.0208
1547.45 -84.3042
1547.65 -34.6866
1547.84 -67.7151
1548.04 -95.1684
1548.24 -78.6619
1578.32 -30.3084
1578.52 -76.9954
1578.71 -61.45
1578.91 -35.4687
1579.11 -25.0134
1579.31 -35.4106
1579.51 -45.8935
1579.71 -29.9291
1579.91 -24.3077
1580.11 -67.6548
1580.31 -34.3501
1580.51 -85.2458
1580.71 -132.924
1580.9 -91.9661
1581.1 -66.6906
1581.3 -117.42
1581.5 -177.808
1581.7 -129.918
1581.9 -214.712
1582.1 -207.746
1582.3 -184.79
1582.5 -336.833
1582.7 -314.45
1582.9 -291.201
1583.1 -385.635
1583.29 -314.791
1583.49 -299.039
1583.69 -197.914
1583.89 -175.868
1584.09 -229.924
1584.29 -185.606
1584.49 -250.728
1584.69 -157.782
1584.89 -89.9058
1585.09 -163.241
1585.29 -110.866
1585.49 -67.5273
1585.68 -32.4566
1585.88 -33.5716
1586.08 -79.1113
1586.28 -62.1885
1586.48 -67.4068
1586.68 -56.5277
1586.88 -61.7043
1587.08 -51.1229
1587.28 -9.39363
1587.48 -45.8708
1587.68 -40.678
1587.88 -40.6802
1588.07 -56.213
1589.67 -25.3845
1589.87 -35.5868
1590.07 -45.7827
1590.27 -66.1707
1590.46 -45.7835
1590.66 -55.9893
1590.86 -30.4728
1591.06 -30.4533
1591.26 0.380932
1591.46 -14.8973
1591.66 -45.8679
1591.86 -51.1256
1592.06 -61.7844
1592.26 -51.2342
1592.46 -40.3116
1592.66 -78.9777
1592.85 -33.9379
1593.05 -33.2535
1593.25 -109.428
1593.45 -116.094
1593.65 -92.0037
1593.85 -79.4343
1594.05 -129.964
1594.25 -136.636
1594.45 -85.0541
1594.65 -91.4384
1594.85 -104.428
1595.05 -117.408
1595.24 -53.1108
1595.44 -155.425
1595.64 -91.9552
1595.84 -92.0059
1596.04 -98.0376
1596.24 -67.856
1596.44 -79.7878
1596.64 -50.5474
1596.84 -62.2638
1597.04 -96.9448
1597.24 -97.0534
1597.44 -109.004
1597.63 -79.8123
1597.83 -85.8523
1598.03 -122.69
1598.23 -160.717
1598.43 -142.661
1598.63 -98.0557
1598.83 -123.939
1599.03 -84.5488
1599.23 -90.978
1599.43 -130.577
1599.63 -110.814
1599.83 -123.952
1600.02 -78.6385
1600.22 -53.6134
1600.42 -60.7071
1600.62 -110.369
1600.82 -79.8293
1601.02 -50.4938
1601.22 -73.7322
1601.42 -95.6981
1601.62 -56.681
1601.82 -40.5546
1602.02 -51.1197
1602.22 -45.8401
1602.41 -25.416
1602.61 -30.5836
1602.81 -50.6406
1603.01 -55.5353
1603.21 -20.7738
1603.41 -40.5752
1603.61 -6.0546
1603.81 -35.631
1604.01 -40.5457
1604.21 -20.8922
1656.19 -17.1204
1656.39 -43.6536
1656.59 -3.87687
1656.78 -34.8084
1656.98 -25.9769
1657.18 -30.4445
1657.38 -17.0414
1657.58 -12.3989
1657.78 -16.7759
1657.98 -40.2689
1658.18 -25.7894
1658.38 -35.5674
1658.58 -45.8709
1658.78 -39.8215
1658.98 -79.7991
1659.17 -123.062
1659.37 -123.932
1659.57 -130.468
1659.77 -193.014
1659.97 -222.409
1660.17 -275.194
1660.37 -314.322
1660.57 -291.144
1660.77 -330.806
1660.97 -233.66
1661.17 -330.624
1661.37 -485.072
1661.56 -354.996
1661.76 -306.78
1661.96 -251.699
1662.16 -275.634
1662.36 -222.381
1662.56 -237.005
1662.76 -164.738
1662.96 -116.984
1663.16 -98.0096
1663.36 -141.163
1663.56 -79.6878
1663.76 -34.7135
1663.95 -19.8974
1664.15 -30.7151
1664.35 -26.0429
1664.55 -12.6352
1664.75 -17.2402
1664.95 -13.1236
1665.15 -17.2455
1665.35 -33.0742
1665.55 -17.154
1665.75 -20.982
1665.95 -13.2377
1666.15 -1.79395
1679.09 0.835684
1679.29 0.864195
1679.49 -9.47814
1679.69 -9.48333
1679.89 7.97365
1680.09 -9.49451
1680.29 -20.145
1680.48 -31.0436
1680.68 -13.1405
1680.88 -2.04306
1681.08 -13.2295
1681.28 -21.0673
1681.48 -13.2029
1681.68 -42.3952
1681.88 -12.8463
1682.08 -16.9903
1682.28 -26.0289
1682.48 -25.8591
1682.68 -30.5742
1682.87 -51.0769
1683.07 -72.5905
1683.27 -45.7738
1683.47 -56.7225
1683.67 -73.5608
1683.87 -51.0123
1684.07 -62.3293
1684.27 -34.0933
1684.47 -51.1135
1684.67 -56.7207
1684.87 -56.6629
1685.07 -40.5929
1685.26 -71.6401
1685.46 -30.6279
1685.66 -16.211
1685.86 -16.6701
1686.06 -30.5614
1686.26 -30.3052
1686.46 -21.5012
1686.66 -29.6617
1686.86 -17.2415
1687.06 -9.27314
1687.26 -5.43352
1687.46 -5.51382
1687.65 -20.9098
1687.85 -17.0525
1688.05 -5.6121
1688.25 -5.61879
1688.45 -1.81329
1688.65 -20.8469
1688.85 -13.2319
1724.7 -38.9371
1724.9 -34.6235
1725.1 -4.0082
1725.3 -3.80413
1725.5 -21.5147
1725.69 -7.46911
1725.89 -50.0448
1726.09 -35.6129
1726.29 -45.8724
1726.49 -56.6213
1726.69 -85.8699
1726.89 -110.917
1727.09 -254.778
1727.29 -244.495
1727.49 -236.847
1727.69 -306.135
1727.89 -293.205
1728.08 -823.648
1728.28 -675.231
1728.48 -710.942
1728.68 -918.581
1728.88 -1151.99
1729.08 -1034.39
1729.28 -1153.22
1729.48 -1042.73
1729.68 -1333.6
1729.88 -1033.31
1730.08 -1073.91
1730.28 -1259.82
1730.47 -889.727
1730.67 -851.718
1730.87 -684.342
1731.07 -514.348
1731.27 -420.637
1731.47 -379.484
1731.67 -368.888
1731.87 -207.754
1732.07 -109.482
1732.27 -98.0543
1732.47 -115.735
1732.67 -51.1873
1732.86 -40.6876
1733.06 -40.1963
1733.26 -17.1549
1733.46 -21.3886
1733.66 -17.1461
1733.86 -5.72521
1734.06 4.96846
1734.26 -13.0244
1734.46 -12.9417
1759.55 -17.0672
1759.75 -16.9139
1759.95 -44.9217
1760.15 -0.871283
1760.35 -35.2984
1760.55 -50.8829
1760.75 -172.805
1760.95 -171.147
1761.15 -288.695
1761.34 -338.723
1761.54 -429.07
1761.74 -574.773
1761.94 -937.689
1762.14 -1405.97
1762.34 -1686.86
1762.54 -2471.73
1762.74 -2890.23
1762.94 -3802.09
1763.14 -4806.02
1763.34 -5401.49
1763.54 -6844.76
1763.73 -6202.74
1763.93 -7509.99
1764.13 -7705.03
1764.33 -8443.26
1764.53 -8390.4
1764.73 -8179
1764.93 -7377.6
1765.13 -7119.6
1765.33 -6976.83
1765.53 -5676.62
1765.73 -5115.28
1765.93 -4330.51
1766.12 -3353.46
1766.32 -2878.99
1766.52 -2391.45
1766.72 -1571.94
1766.92 -1492.3
1767.12 -1012.07
1767.32 -664.855
1767.52 -428.944
1767.72 -130.999
1767.92 -150.859
1768.12 -98.2309
1768.32 -79.2588
1768.51 -85.9543
1768.71 -12.5769
1768.91 -5.21941
1769.11 1.33692
1769.31 -6.08336
1833.44 0.398469
1833.64 -15.8619
1833.84 -6.09111
1834.04 0.486627
1834.24 -6.08349
1834.44 -6.07436
1834.64 -2.66902
1834.84 -12.9217
1835.03 -23.597
1835.23 -13.1227
1835.43 -13.2064
1835.63 -17.1341
1835.83 -9.13404
1836.03 -17.2563
1836.23 -12.658
1836.43 -21.3973
1836.63 -84.1607
1836.83 -45.7284
1837.03 -61.6269
1837.23 -34.989
1837.42 -28.8807
1837.62 -62.3261
1837.82 -56.4684
1838.02 -73.8851
1838.22 -62.0881
1838.42 -109.333
1838.62 -85.6566
1838.82 -38.8931
1839.02 -50.8093
1839.22 -34.1502
1839.42 -62.2128
1839.62 -77.9218
1839.81 -51.0136
1840.01 -35.6377
1840.21 -45.0941
1840.41 -16.8818
1840.61 -12.7608
1840.81 -21.4814
1841.01 -1.02054
1841.21 -9.32189
1841.41 -13.2298
1841.61 -5.7604
1841.81 -5.84855
1842.01 -16.6996
1842.2 1.2126
1842.4 -9.50032
1842.6 -2.3653
1842.8 -2.31157
1843 -5.84981
1843.2 -24.3747
1843.4 -1.7061
1843.6 -29.247
1843.8 -29.9233
1844 -26.0161
1844.2 -1.96633
1844.4 -20.0816
1844.59 -62.2561
1844.79 -115.406
1844.99 -98.2091
1845.19 -144.033
1845.39 -193.095
1845.59 -312.111
1845.79 -236.609
1845.99 -306.426
1846.19 -454.469
1846.39 -549.106
1846.59 -611.337
1846.79 -710.197
1846.98 -675.123
1847.18 -511.281
1847.38 -675.214
1847.58 -620.459
1847.78 -448.293
1847.98 -791.698
1848.18 -381.586
1848.38 -584.415
1848.58 -403.931
1848.78 -313.689
1848.98 -338.698
1849.18 -306.05
1849.37 -244.226
1849.57 -143.946
1849.77 -189.442
1849.97 -79.6896
1850.17 -79.5838
1850.37 -35.0748
1850.57 -45.6958
1850.77 -30.7383
1850.97 -30.4463
1851.17 -13.0257
1851.37 3.07674
1851.57 -9.29454
1851.76 -17.0989
1851.96 -24.634
1852.16 -13.2158
1868.1 -5.50416
1868.29 2.00988
1868.49 4.60867
1868.69 -0.471594
1868.89 -5.69108
1869.09 2.25454
1869.29 -8.52692
1869.49 -0.306821
1869.69 -8.80451
1869.89 -8.96652
1870.09 -6.06674
1870.29 -9.29526
1870.49 0.636793
1870.68 -13.0203
1870.88 -5.76762
1871.08 -13.2425
1871.28 -13.1623
1871.48 -25.8294
1871.68 -21.5296
1871.88 -40.0404
1872.08 -30.7512
1872.28 -60.4632
1872.48 -15.2788
1872.68 -71.7014
1872.88 -51.1173
1873.07 -61.6863
1873.27 -40.6245
1873.47 -30.1556
1873.67 -19.9032
1873.87 -15.1101
1874.07 -10.5593
1874.27 -64.9771
1874.47 -30.749
1874.67 -30.6555
1874.87 -25.9901
1875.07 -17.2374
1875.27 -17.2697
1875.46 -5.24865
1875.66 2.19549
1875.86 -9.45964
1876.06 -20.4605
1876.26 -9.50111
1876.46 8.15833
1876.66 -23.4682
1876.86 -2.53856
1877.06 -6.01828
1877.26 -26.7657
1877.46 -9.47893
1877.66 -6.0134
1877.85 -9.48486
1878.05 -2.5067
2113.47 1.64565
2113.67 -0.58921
2113.86 6.288
2114.06 -2.92655
2114.26 -7.89402
2114.46 -0.4675
2114.66 -3.0903
2114.86 -12.0888
2115.06 -12.7072
2115.26 -5.84926
2115.46 -1.17912
2115.66 -21.55
2115.86 -45.1385
2116.06 -40.6776
2116.25 -90.1399
2116.45 -79.8127
2116.65 -79.4119
2116.85 -91.045
2117.05 -150.907
2117.25 -164.64
2117.45 -222.42
2117.65 -222.441
2117.85 -191.355
2118.05 -283.391
2118.25 -220.754
2118.45 -283.329
2118.64 -259.787
2118.84 -252.165
2119.04 -298.804
2119.24 -298.224
2119.44 -192.721
2119.64 -236.717
2119.84 -171.785
2120.04 -231.905
2120.24 -91.5666
2120.44 -134.875
2120.64 -56.5226
2120.84 -83.4938
2121.03 -30.6724
2121.23 -12.4284
2121.43 -41.8624
2121.63 -2.1685
2121.83 0.374071
2122.03 -3.08715
2122.23 4.37793
2122.43 -2.71986
2122.63 -6.07285
2122.83 4.51691
2123.03 4.13281
2123.23 -0.0847464
2199.11 -5.51701
2199.31 -5.39963
2199.51 -1.16461
2199.7 -0.630704
2199.9 -47.7032
2200.1 -16.8137
2200.3 -45.5085
2200.5 -61.8097
2200.7 -113.753
2200.9 -110.446
2201.1 -156.945
2201.3 -150.674
2201.5 -215.017
2201.7 -354.272
2201.9 -387.75
2202.09 -437.063
2202.29 -549.08
2202.49 -758.033
2202.69 -861.192
2202.89 -1132.77
2203.09 -1143.2
2203.29 -1385.29
2203.49 -1334.21
2203.69 -1540.55
2203.89 -1426.08
2204.09 -1373.79
2204.29 -1592.69
2204.48 -1230.13
2204.68 -1068.12
2204.88 -1334.29
2205.08 -1024.13
2205.28 -1151.34
2205.48 -1031.81
2205.68 -675.085
2205.88 -656.185
2206.08 -514.38
2206.28 -436.279
2206.48 -352.71
2206.68 -251.291
2206.87 -123.698
2207.07 -123.428
2207.27 -97.0307
2207.47 -40.6064
2207.67 -16.399
2207.87 -34.4371
2208.07 -1.68317
2208.27 -9.4743
2208.47 -6.07684
2208.67 -0.280168
2208.87 2.09744
2288.33 2.02159
2288.53 2.04962
2288.73 2.0921
2288.93 1.85628
2289.13 2.24688
2289.33 0.30274
2289.53 2.55958
2289.73 2.12938
2289.93 0.433482
2290.13 2.41285
2290.32 1.22942
2290.52 -0.45787
2290.72 -4.7468
2290.92 -0.556667
2291.12 -0.356273
2291.32 -15.1912
2291.52 -16.0957
2291.72 8.57146
2291.92 -32.5598
2292.12 -9.08918
2292.32 -8.68598
2292.52 -17.1061
2292.71 -48.8906
2292.91 -44.7008
2293.11 -16.56
2293.31 -45.0157
2293.51 -25.998
2293.71 -21.3132
2293.91 -2.86422
2294.11 -16.9774
2294.31 -21.55
2294.51 -13.0445
2294.71 -21.2491
2294.91 -5.65085
2295.1 -20.0834
2295.3 0.402224
2295.5 -6.00594
2295.7 -0.43975
2295.9 1.72382
2296.1 -0.557602
2296.3 4.58862
2296.5 2.58499
2296.7 1.27266
2296.9 1.36883
2297.1 1.48794
2297.3 1.60842
2297.49 2.02507
2297.69 2.0109
2297.89 2.13404
2298.09 2.0779
2298.29 1.96052
2442.69 1.48227
2442.89 2.16499
2443.08 2.26222
2443.28 0.0650891
2443.48 4.19053
2443.68 1.33419
2443.88 -2.82061
2444.08 -5.74136
2444.28 -31.0218
2444.48 -20.245
2444.68 -37.4625
2444.88 -44.0039
2445.08 -65.2158
2445.28 -61.909
2445.47 -56.5804
2445.67 -85.8699
2445.87 -110.942
2446.07 -110.436
2446.27 -157.787
2446.47 -200.419
2446.67 -296.603
2446.87 -267.725
2447.07 -229.411
2447.27 -189.869
2447.47 -275.487
2447.67 -259.663
2447.86 -291.181
2448.06 -400.658
2448.26 -260.161
2448.46 -290.703
2448.66 -140.325
2448.86 -142.178
2449.06 -171.791
2449.26 -178.134
2449.46 -71.7311
2449.66 -42.3262
2449.86 -120.774
2450.06 -45.7401
2450.25 -45.7609
2450.45 -40.0054
2450.65 -17.2663
2450.85 -1.96152
2451.05 0.481704
2451.25 -5.9142
2451.45 -0.564315
2451.65 1.41797
2451.85 2.85593
2452.05 3.80553
2452.25 3.34179
2452.45 2.19564
2609.59 0.765558
2609.78 0.773212
2609.98 0.784227
2610.18 0.79978
2610.38 4.38126
2610.58 2.56053
2610.78 0.889595
2610.98 3.95836
2611.18 1.00574
2611.38 2.30603
2611.58 1.18793
2611.78 1.30864
2611.98 2.73533
2612.17 2.4722
2612.37 2.22546
2612.57 1.99703
2612.77 2.01035
2612.97 2.43142
2613.17 2.65293
2613.37 2.14679
2613.57 2.21132
2613.77 0.346116
2613.97 2.33084
2614.17 3.48309
2614.37 2.3986
2614.56 -1.04334
2614.76 1.25933
2614.96 1.2718
2615.16 1.29496
2615.36 2.24131
2615.56 1.39127
2615.76 2.11416
2615.96 2.06089
2616.16 2.31298
2616.36 2.00221
2616.56 2.23244
2616.75 2.35377
2616.95 1.52478
2617.15 1.373
2617.35 3.14657
2617.55 1.1328
2617.75 2.34551
2617.95 0.969834
2618.15 0.912456
2618.35 2.53732
2618.55 0.834439
2618.75 0.809429
2618.95 0.791192
2619.14 0.778146
2619.34 0.768988
