661.753 -146873
661.952 -143959
662.151 -131160
662.35 -118678
662.549 -106591
662.748 -89631.3
662.947 -70399.1
663.146 -55654
663.345 -44060.1
663.545 -30835.5
663.744 -23321.9
663.943 -15341.5
664.142 -10497.3
664.341 -6272.03
664.54 -3671.1
664.739 -2359.69
664.938 -1343.76
665.137 -584.864
665.336 -259.306
665.535 -103.325
665.734 -28.7822
665.933 -17.2162
666.132 -6.03536
666.331 1.25402
666.53 2.17468
666.729 2.36241
666.929 0.468299
667.128 0.207715
667.327 0.0893992
667.526 0.0373354
667.725 0.0151297
667.924 0.00594928
668.123 0.00227
668.322 0.000840474
668.521 0.000301987
668.72 0.000105318
668.919 3.56712e-05
669.118 1.17555e-05
669.317 3.79211e-06
669.516 1.22061e-06
669.715 4.15486e-07
669.914 1.70898e-07
