121.841 -92554.6
122.04 -85839.2
122.239 -76740
122.438 -61085.7
122.637 -51315.5
122.837 -38288.7
123.036 -28508.2
123.235 -21059.3
123.434 -14630.3
123.633 -10471.5
123.832 -7053.25
124.031 -6332.83
124.231 -4892.78
124.43 -4076.33
124.629 -4149.17
124.828 -3730.11
125.027 -3969.08
125.226 -4016.81
125.425 -4040.75
125.625 -4315.7
125.824 -4304.08
126.023 -4112.87
126.222 -3645.7
126.421 -3837.25
126.62 -3705.03
237.141 -2775.42
237.34 -3120.72
237.539 -3316.35
237.738 -3281.79
237.937 -3293.27
238.136 -3051.64
238.335 -3074.64
238.535 -2971.12
238.734 -2994.12
238.933 -2626.12
239.132 -2626.16
239.331 -2488.22
239.53 -2913.64
239.729 -2994.11
239.928 -3074.58
240.128 -2867.66
240.327 -2856.16
240.526 -3212.57
240.725 -3063.12
240.924 -2890.6
241.123 -3304.82
241.322 -2786.84
241.522 -2809.64
241.721 -3109.46
241.92 -2958.72
242.119 -3283.68
242.318 -3376.51
242.517 -4316.49
242.716 -4818.52
242.915 -5702.28
243.115 -7197.74
243.314 -9589.46
243.513 -12447.6
243.712 -14375.3
243.911 -18047.6
244.11 -19466
244.309 -21561.4
244.509 -22811.5
244.708 -23819
244.907 -23548.9
245.106 -22262.2
245.305 -19027.1
245.504 -16056.1
245.703 -13922.5
245.903 -10744.1
246.102 -8430.07
246.301 -6770.66
246.5 -5016.15
246.699 -3932.62
246.898 -3306.29
247.097 -3329.08
247.296 -2708.01
247.496 -2935.39
247.695 -2674.51
247.894 -2584.21
248.093 -2235.15
248.292 -2662.99
248.491 -2842.98
248.69 -2572.96
248.89 -2168.01
249.089 -2572.95
249.288 -2651.68
249.487 -2662.92
272.388 -2051.74
272.587 -1771.57
272.786 -2030.13
272.985 -1890.1
273.184 -2040.84
273.383 -1943.93
273.582 -1664.11
273.782 -1836.32
273.981 -1621.2
274.18 -1728.81
274.379 -1814.86
274.578 -1825.63
274.777 -2019.06
274.976 -1890.12
275.175 -2072.65
275.375 -2072.55
275.574 -1900.81
275.773 -2093.71
275.972 -1718.68
276.171 -1868.58
276.37 -1697.54
276.569 -1911.16
276.769 -1708.45
276.968 -1804.39
277.167 -1559.54
277.366 -2006.51
277.565 -1783.07
277.764 -1751.15
277.963 -1783.08
278.163 -1740.48
278.362 -1623.2
278.561 -1793.75
278.76 -1729.71
278.959 -2188.74
279.158 -1836.45
279.357 -1580.14
279.556 -1654.9
279.756 -1836.45
279.955 -1975.25
280.154 -1772.39
280.353 -1751.05
280.552 -1868.44
280.751 -1708.4
280.95 -2060.37
281.15 -1996.33
281.349 -1879.02
281.548 -1825.71
281.747 -1793.74
281.946 -1420.93
282.145 -1580.75
290.31 -1655.42
290.509 -1571.96
290.708 -1624.09
290.907 -1332.17
291.106 -1571.94
291.305 -1457.31
291.505 -1540.67
291.704 -1571.92
291.903 -1801.01
292.102 -1696.84
292.301 -1238.8
292.5 -1499.04
292.699 -1436.61
292.899 -1436.62
293.098 -1561.47
293.297 -1655.17
293.496 -1384.4
293.695 -1530.22
293.894 -1645.22
294.093 -1771.48
294.293 -1560.74
294.492 -2060.01
294.691 -1793.39
294.89 -1922.08
295.089 -2271.33
295.288 -2072.54
295.487 -2471.87
295.686 -2471.92
295.886 -2617.91
296.085 -2584.17
296.284 -2158.38
296.483 -2705.48
296.682 -2194.49
296.881 -2052.26
297.08 -2095.44
297.28 -1879.32
297.479 -1772.38
297.678 -1519.04
297.877 -1676.62
298.076 -1686.52
298.275 -1654.85
298.474 -1364.36
298.674 -1581.84
298.873 -1374.96
299.072 -1137.35
299.271 -1240.77
299.47 -1333.77
299.669 -1488.64
299.868 -1416.39
300.067 -1519.57
300.267 -1519.56
300.466 -1457.66
300.665 -1519.52
300.864 -1591.66
344.276 -70310
344.475 -72485
344.674 -66420.6
344.873 -58186.3
345.072 -50383.7
345.271 -37958.1
345.47 -31391.5
345.67 -22158.4
345.869 -15484.1
346.068 -10376.3
346.267 -7157.23
346.466 -4779.41
346.665 -3382.43
346.864 -2149.5
347.063 -1571.29
347.263 -1093.33
347.462 -888.348
347.661 -1034.21
347.86 -985.621
348.059 -889.881
348.258 -737.36
348.457 -908.927
348.657 -880.349
348.856 -708.942
349.055 -785.123
349.254 -842.256
349.453 -956.546
349.652 -861.294
349.851 -756.438
350.051 -794.504
350.25 -794.417
350.449 -1052.35
350.648 -928.14
350.847 -822.711
351.046 -937.784
351.245 -957.035
351.444 -716.236
351.644 -1072.79
351.843 -1005.32
352.042 -986.018
352.241 -831.735
352.44 -1014.84
352.639 -822.408
352.838 -918.58
353.038 -985.652
353.237 -1081.18
353.436 -994.947
353.635 -851.721
353.834 -899.409
354.033 -994.641
354.232 -937.466
354.432 -737.599
354.631 -965.976
354.83 -766.188
355.029 -794.735
355.228 -899.367
355.427 -766.211
355.626 -918.386
355.825 -965.936
356.025 -918.383
356.224 -870.833
356.423 -880.342
356.622 -965.923
356.821 -690.167
362.795 -776.402
362.994 -757.589
363.193 -842.342
363.393 -720.016
363.592 -823.51
363.791 -767.107
363.99 -814.105
364.189 -823.495
364.388 -945.553
364.587 -776.546
364.787 -635.64
364.986 -795.298
365.185 -964.897
365.384 -681.495
365.583 -1061.35
365.782 -928.178
365.981 -927.627
366.181 -1232.32
366.38 -1535.69
366.579 -1354.79
366.778 -1917.64
366.977 -1974.98
367.176 -1889.85
367.375 -1855.24
367.574 -2095.4
367.774 -2150.26
367.973 -2117.4
368.172 -2139.75
368.371 -2117.18
368.57 -1921.77
368.769 -1456.67
368.968 -1293.17
369.168 -1424.54
369.367 -935.903
369.566 -1005.5
369.765 -899.43
369.964 -984.014
370.163 -682.988
370.362 -758.023
370.562 -850.752
370.761 -748.744
370.96 -721.02
371.159 -748.7
371.358 -794.759
371.557 -739.452
371.756 -776.254
371.955 -619.852
372.155 -546.364
372.354 -776.146
372.553 -620.009
406.207 -675.102
406.406 -638.975
406.605 -629.948
406.804 -756.306
407.003 -684.094
407.203 -548.753
407.402 -702.134
407.601 -584.824
407.8 -657.04
407.999 -657.059
408.198 -566.216
408.397 -803.207
408.596 -757.969
408.796 -720.255
408.995 -1004.86
409.194 -936.208
409.393 -1253.27
409.592 -1666.35
409.791 -1770.34
409.99 -2449.59
410.19 -2649.46
410.389 -3494.45
410.588 -3885.5
410.787 -4366.88
410.986 -4549.43
411.185 -4281.31
411.384 -4500.42
411.583 -4233.22
411.783 -3695.06
411.982 -3178.9
412.181 -2854.76
412.38 -2172.57
412.579 -1708.73
412.778 -1375.41
412.977 -1173.03
413.177 -802.972
413.376 -701.289
413.575 -776.408
413.774 -602.334
413.973 -693.191
414.172 -656.934
414.371 -629.935
414.571 -576.222
414.77 -683.509
483.671 -412.658
483.87 -538.351
484.069 -488.097
484.268 -395.876
484.467 -370.697
484.666 -488.173
484.865 -521.786
485.065 -387.424
485.264 -496.678
485.463 -362.118
485.662 -446.275
485.861 -395.641
486.06 -420.901
486.259 -471.803
486.459 -300.549
486.658 -532.19
486.857 -444.946
487.056 -558.645
487.255 -584.928
487.454 -803.412
487.653 -730.074
487.852 -653.201
488.052 -765.21
488.251 -986.107
488.45 -1122.54
488.649 -1161.93
488.848 -1161.76
489.047 -1024.97
489.246 -995.566
489.446 -747.155
489.645 -823.469
489.844 -905.649
490.043 -493.55
490.242 -594.119
490.441 -541.053
490.64 -392.793
490.84 -488.974
491.039 -471.813
491.238 -523.168
491.437 -420.642
491.636 -633.669
491.835 -497.345
492.034 -429.258
492.233 -514.355
492.433 -395.207
492.632 -463.298
492.831 -412.203
493.03 -650.714
493.229 -429.214
493.428 -446.251
493.627 -420.663
558.944 -396.029
559.143 -420.943
559.342 -379.423
559.541 -337.909
559.741 -387.728
559.94 -462.448
560.139 -337.917
560.338 -346.214
560.537 -329.59
560.736 -296.311
560.935 -396.019
561.134 -496.004
561.334 -295.642
561.533 -337.047
561.732 -463.215
561.931 -386.49
562.13 -583.992
562.329 -506.076
562.528 -522.904
562.728 -503.044
562.927 -647.304
563.126 -814.068
563.325 -671.455
563.524 -937.776
563.723 -870.035
563.922 -947.285
564.121 -1199.75
564.321 -1305.51
564.52 -851.228
564.719 -851.735
564.918 -842.385
565.117 -832.703
565.316 -850.524
565.515 -592.556
565.715 -757.255
565.914 -629.864
566.113 -711.21
566.312 -593.982
566.511 -674.726
566.71 -558.484
566.909 -638.411
567.109 -585.094
567.308 -453.817
567.507 -445.694
567.706 -428.929
567.905 -361.172
568.104 -412.505
568.303 -421.029
568.502 -387.599
568.702 -312.752
568.901 -404.334
569.1 -520.36
569.299 -478.816
569.498 -453.933
569.697 -437.366
569.896 -437.351
570.096 -486.918
570.295 -495.164
570.494 -362.983
570.693 -503.398
570.892 -420.799
571.091 -288.67
571.29 -453.821
571.49 -362.996
571.689 -379.509
571.888 -346.491
572.087 -313.479
572.286 -412.524
572.485 -346.503
572.684 -445.526
572.883 -288.755
573.083 -346.514
573.282 -346.518
573.481 -288.783
573.68 -321.783
573.879 -445.492
574.078 -478.47
574.277 -387.763
574.477 -527.919
574.676 -527.906
574.875 -371.277
575.074 -338.31
575.273 -445.451
575.472 -231.192
575.671 -363.042
575.87 -511.345
576.07 -379.523
576.269 -371.286
576.468 -346.577
576.667 -346.581
576.866 -371.289
577.065 -412.461
577.264 -445.392
577.464 -412.455
577.663 -437.148
577.862 -321.908
578.061 -387.756
578.26 -346.608
578.459 -461.812
578.658 -453.576
578.858 -387.753
579.057 -437.11
579.256 -428.879
579.455 -371.302
579.654 -321.958
579.853 -461.762
580.052 -552.214
580.251 -494.652
580.451 -346.631
580.65 -437.102
580.849 -445.347
581.048 -387.757
581.247 -313.627
581.446 -486.698
581.645 -610.626
581.845 -387.763
582.044 -338.085
582.243 -412.619
582.442 -371.112
582.641 -371.064
582.84 -445.982
583.039 -320.939
583.239 -362.579
583.438 -454.466
583.637 -429.41
583.836 -513.444
584.035 -412.527
584.234 -480.293
584.433 -360.246
584.632 -601.81
584.832 -541.085
585.031 -540.468
585.23 -638.9
585.429 -785.5
585.628 -841.911
585.827 -795.277
586.026 -851.853
586.226 -927.803
586.425 -747.528
586.624 -814.071
586.823 -767.271
587.022 -619.276
587.221 -620.524
587.42 -845.39
587.62 -594.021
587.819 -610.562
588.018 -531.805
588.217 -353.241
588.416 -387.534
588.615 -429.268
588.814 -288.589
589.013 -330.127
589.213 -404.163
589.412 -346.721
589.611 -387.704
589.81 -404.069
590.009 -346.769
590.208 -363.139
590.407 -387.682
590.607 -371.32
590.806 -330.427
591.005 -289.542
591.204 -387.673
591.403 -404.023
591.602 -420.37
591.801 -354.969
592 -281.408
592.2 -224.207
592.399 -338.629
592.598 -395.83
592.797 -338.635
592.996 -273.282
593.195 -297.797
593.394 -305.972
593.594 -371.314
593.793 -338.649
604.347 -314.85
604.546 -322.785
604.745 -227.539
604.944 -362.492
605.143 -322.794
605.343 -267.177
605.542 -362.541
605.741 -394.362
605.94 -290.986
606.139 -243.23
606.338 -394.456
606.537 -370.599
606.737 -251.079
606.936 -314.834
607.135 -306.842
607.334 -354.78
607.533 -378.834
607.732 -258.641
607.931 -451.314
608.13 -258.325
608.33 -387.251
608.529 -427.777
608.728 -436.036
608.927 -225.154
609.126 -355.011
609.325 -298.1
609.524 -330.62
609.724 -428.14
609.923 -419.949
610.122 -314.477
610.321 -371.188
610.52 -290.339
610.719 -354.973
610.918 -266.306
611.118 -330.788
611.317 -371.019
611.516 -194.099
611.715 -274.526
611.914 -370.99
612.113 -266.489
612.312 -282.558
612.511 -435.338
612.711 -306.664
612.91 -298.609
613.109 -346.888
613.308 -451.553
613.507 -467.695
613.706 -274.391
613.905 -282.428
614.105 -427.51
676.036 -445.6
676.235 -362.882
676.434 -429.322
676.633 -496.513
676.832 -463.231
677.031 -317.859
677.231 -644.826
677.43 -541.123
677.629 -549.715
677.828 -647.938
678.027 -602.607
678.226 -748.341
678.425 -794.453
678.625 -665.891
678.824 -748.48
679.023 -702.57
679.222 -620.917
679.421 -540.608
679.62 -532.302
679.819 -514.935
680.019 -514.454
680.218 -370.676
680.417 -338.136
680.616 -208.026
680.815 -354.982
681.014 -402.845
681.213 -219.464
681.412 -283.211
681.612 -314.791
681.811 -283.348
682.01 -330.332
682.209 -252.16
682.408 -205.484
682.607 -337.829
682.806 -275.631
683.006 -236.904
683.205 -352.949
683.404 -375.947
683.802 -252.122
684.001 -416.259
684.2 -252.12
684.399 -283.385
684.599 -205.203
684.798 -259.921
684.997 -330.324
685.196 -502.662
685.395 -338.267
685.594 -299.046
685.793 -251.609
685.993 -219.356
686.192 -387.061
686.391 -306.117
686.59 -420.905
686.789 -446.306
686.988 -384.954
687.187 -496.418
687.387 -547.75
687.586 -785.97
687.785 -956.497
687.984 -937.676
688.183 -1064.24
688.382 -875.741
688.581 -1441.89
688.78 -1133.35
688.98 -1380.87
689.179 -966.17
689.378 -1053.77
689.577 -775.846
689.776 -767.33
689.975 -693.387
690.174 -611.819
690.374 -454.4
690.573 -395.62
690.772 -371.207
690.971 -314.325
691.17 -322.773
691.369 -283.035
691.568 -385.939
691.768 -330.514
691.967 -275.504
692.166 -314.702
692.365 -212.936
692.564 -252.088
692.763 -283.381
692.962 -322.482
693.161 -314.661
693.361 -353.757
693.56 -314.66
714.469 -283.181
714.668 -291.096
714.867 -417.754
715.066 -378.177
715.266 -346.514
715.465 -409.867
715.664 -314.845
715.863 -283.155
716.062 -275.211
716.261 -179.957
716.46 -291.01
716.659 -298.914
716.859 -290.844
717.058 -362.917
717.257 -379.219
717.456 -346.863
717.655 -305.553
717.854 -296.326
718.053 -429.429
718.253 -395.254
718.452 -471.799
718.651 -584.439
718.85 -558.636
719.049 -567.507
719.248 -426.221
719.447 -629.348
719.647 -699.596
719.846 -628.689
720.045 -445.452
720.244 -506.204
720.443 -454.788
720.642 -328.537
720.841 -429.272
721.04 -395.974
721.24 -314.264
721.439 -379.247
721.638 -338.836
721.837 -314.804
722.036 -282.938
722.235 -227.315
722.434 -346.637
722.634 -259.271
722.833 -370.404
723.032 -322.785
723.231 -378.316
723.43 -338.649
723.629 -394.179
723.828 -346.583
724.028 -219.649
724.227 -378.32
772.019 -146.366
772.218 -290.524
772.418 -222.249
772.617 -222.253
772.816 -267.756
773.015 -275.335
773.214 -199.52
773.413 -298.068
773.612 -290.483
773.811 -275.322
774.011 -199.536
774.21 -290.486
774.409 -267.757
774.608 -351.302
774.807 -244.987
775.006 -275.534
775.205 -275.629
775.405 -416.608
775.604 -290.661
775.803 -429.267
776.002 -567.099
776.201 -665.987
776.4 -879.309
776.599 -1282.64
776.798 -1921.78
776.998 -2283.32
777.197 -4113.19
777.396 -5138.75
777.595 -6264.84
777.794 -8614.72
777.993 -10169.4
778.192 -12773.4
778.392 -14403.7
778.591 -16041.4
778.79 -15554
778.989 -16688.5
779.188 -16013.2
779.387 -14913.8
779.586 -13975.5
779.786 -11635
779.985 -9631.26
780.184 -7692.24
780.383 -5878.44
780.582 -4475.55
780.781 -2936.23
780.98 -2293.37
781.179 -1613.29
781.379 -1054.42
781.578 -637.839
781.777 -436.119
781.976 -395.976
782.175 -306.663
782.374 -267.699
782.573 -244.813
782.773 -336.426
782.972 -191.975
783.171 -245.006
783.37 -245.001
783.569 -260.075
783.768 -162.076
783.967 -290.252
784.167 -184.624
784.366 -237.452
784.565 -192.061
784.764 -138.974
784.963 -191.916
785.162 -191.841
785.361 -222.186
785.56 -321.087
785.76 -222.145
785.959 -305.9
786.158 -222.153
786.357 -252.599
786.556 -267.79
786.755 -313.277
786.954 -282.876
787.154 -282.813
787.353 -290.296
787.552 -260.073
787.751 -252.518
787.95 -184.831
788.149 -297.558
788.348 -229.954
788.548 -199.948
788.747 -244.956
788.946 -289.929
789.145 -147.525
789.344 -289.9
789.543 -282.398
789.742 -177.535
789.941 -200.009
790.141 -267.398
790.34 -214.991
790.539 -222.478
790.738 -282.349
801.292 -237.447
801.491 -147.623
801.69 -222.475
801.89 -229.962
802.089 -244.944
802.288 -177.509
802.487 -237.455
802.686 -214.966
802.885 -244.956
803.084 -199.957
803.284 -229.957
803.483 -229.956
803.682 -282.481
803.881 -267.475
804.08 -214.949
804.279 -312.485
804.478 -192.452
804.678 -334.941
804.877 -282.431
805.076 -289.903
805.275 -252.431
805.474 -125.149
805.673 -342.233
805.872 -200.029
806.071 -267.385
806.271 -177.556
806.47 -177.524
806.669 -259.95
806.868 -177.406
807.067 -267.539
807.266 -154.574
807.465 -229.893
807.665 -290.522
807.864 -222.097
808.063 -375.385
808.262 -275.635
808.461 -236.416
808.66 -394.103
808.859 -306.685
809.058 -273.388
809.258 -520.316
809.457 -286.508
809.656 -488.854
809.855 -523.449
810.054 -480.213
810.253 -619.649
810.452 -488.655
810.652 -488.724
810.851 -471.514
811.05 -437.296
811.249 -574.137
811.448 -446.263
811.647 -379.432
811.846 -404.035
812.046 -322.714
812.245 -362.579
812.444 -330.497
812.643 -306.759
812.842 -252.449
813.041 -198.751
813.24 -267.889
813.439 -214.425
813.639 -184.005
813.838 -359.202
814.037 -222.156
814.236 -237.38
814.435 -184.112
814.634 -298.263
814.833 -260.212
815.033 -283.054
815.232 -244.984
862.029 -282.074
862.228 -170.141
862.427 -184.923
862.626 -297.686
862.825 -245.003
863.024 -229.883
863.223 -161.644
863.423 -260.195
863.622 -260.223
863.821 -313.911
864.02 -345.264
864.219 -220.618
864.418 -370.791
864.617 -330.251
864.817 -420.827
865.016 -646.957
865.215 -886.735
865.414 -1120.41
865.613 -972.641
865.812 -1415.57
866.011 -1706.35
866.21 -2549.8
866.41 -2559.11
866.609 -3201.82
866.808 -3897.08
867.007 -3752.73
867.206 -3846.7
867.405 -4463.91
867.604 -4245.9
867.804 -3873.31
868.003 -3896.34
868.202 -3109.2
868.401 -3310.93
868.6 -2094.83
868.799 -2072.08
868.998 -1591.91
869.197 -1302.01
869.397 -984.925
869.596 -720.769
869.795 -488.694
869.994 -446.254
870.193 -371.298
870.392 -338.696
870.591 -299.004
870.791 -206.231
870.99 -244.935
871.189 -275.439
871.388 -176.674
871.587 -214.686
871.786 -229.86
871.985 -252.579
872.185 -245.009
914.401 -150.854
914.6 -192.557
914.8 -164.755
914.999 -150.853
915.198 -129.995
915.397 -116.078
915.596 -95.1827
915.795 -227.437
915.994 -255.431
916.194 -164.769
916.393 -143.716
916.592 -150.63
916.791 -107.803
916.99 -200.369
917.189 -236.808
917.388 -281.549
917.587 -184.879
917.787 -298.509
917.986 -314.61
918.185 -275.085
918.384 -282.168
918.583 -354.879
918.782 -354.437
918.981 -379.083
919.181 -463.149
919.38 -429.411
919.579 -505.188
919.778 -437.753
919.977 -495.344
920.176 -322.325
920.375 -362.935
920.575 -228.038
920.774 -252.418
920.973 -298.142
921.172 -252.319
921.371 -200.427
921.57 -164.3
921.769 -257.448
921.968 -129.302
922.168 -143.651
922.367 -164.769
922.566 -157.785
922.765 -129.898
922.964 -136.88
923.163 -171.743
923.362 -185.735
923.562 -136.727
923.761 -122.501
923.96 -129.271
924.159 -207.436
924.358 -178.779
924.557 -163.956
924.756 -237.291
924.956 -267.444
925.155 -305.805
925.354 -275.615
925.553 -275.607
925.752 -291.181
925.951 -291.084
926.15 -378.472
926.349 -267.083
926.549 -275.137
926.748 -283.226
926.947 -361.738
927.146 -275.633
927.345 -206.606
927.544 -245.008
927.743 -274.688
927.943 -244.522
928.142 -171.405
928.341 -171.646
928.54 -143.294
928.739 -136.474
928.938 -136.666
929.137 -199.745
929.336 -269.393
929.536 -178.685
929.735 -227.333
929.934 -192.542
930.133 -130.03
930.332 -143.923
930.531 -220.262
930.73 -254.931
930.93 -220.22
931.129 -130.082
931.328 -185.511
931.527 -247.746
931.726 -178.528
931.925 -185.375
932.124 -137.152
932.324 -144.05
932.523 -130.405
932.722 -164.477
932.921 -83.1299
933.12 -130.564
933.319 -90.3383
933.518 -177.378
933.717 -130.603
933.917 -143.904
934.116 -137.251
934.315 -90.6644
934.514 -90.5654
934.713 -177.472
934.912 -170.929
935.111 -157.569
935.311 -164.433
935.51 -150.887
935.709 -178.278
935.908 -123.44
936.107 -88.9353
936.306 -116.398
936.505 -123.246
936.705 -150.886
936.904 -130.105
937.103 -143.948
937.302 -123.147
937.501 -185.541
937.7 -137.004
937.899 -164.742
938.098 -130.066
938.298 -130.066
938.497 -199.418
938.696 -88.4559
938.895 -123.132
964.185 -14828
964.384 -15041.9
964.584 -13937.1
964.783 -12300.2
964.982 -10580.5
965.181 -9294.39
965.38 -7107.1
965.579 -5576.64
965.778 -3306.39
965.977 -3051.69
966.177 -2479.07
966.376 -1354.24
966.575 -976.393
966.774 -538.777
966.973 -420.782
967.172 -235.21
967.371 -305.049
967.571 -186.012
967.77 -171.612
967.969 -90.1309
968.168 -143.871
968.367 -170.015
968.566 -110.872
968.765 -91.3143
968.965 -156.523
1000.43 -79.7402
1000.63 -26.9662
1000.83 -85.6361
1001.03 -79.7735
1001.22 -26.7042
1001.42 -115.292
1001.62 -67.9371
1001.82 -55.9327
1002.02 -73.8008
1002.22 -85.8698
1002.42 -104.389
1002.62 -136.15
1002.82 -104.439
1003.02 -157.358
1003.22 -206.257
1003.42 -200.364
1003.61 -237.393
1003.81 -329.558
1004.01 -330.764
1004.21 -453.223
1004.41 -395.854
1004.61 -463.28
1004.81 -514.946
1005.01 -672.674
1005.21 -611.555
1005.41 -532.293
1005.61 -401.119
1005.8 -402.421
1006 -429.232
1006.2 -395.985
1006.4 -314.33
1006.6 -299.025
1006.8 -229.605
1007 -244.725
1007.2 -135.892
1007.4 -206.335
1007.6 -123.838
1007.8 -130.537
1008 -143.12
1008.19 -104.545
1008.39 -60.6022
1008.59 -60.8529
1008.79 -104.408
1008.99 -85.8173
1009.19 -110.554
1009.39 -73.4597
1009.59 -36.3444
1009.79 -129.139
1009.99 -104.394
1010.19 -123.005
1107.16 -85.1987
1107.36 -104.497
1107.56 -104.472
1107.76 -78.3847
1107.96 -183.163
1108.16 -204.242
1108.36 -171.548
1108.56 -228.918
1108.76 -402.804
1108.96 -458.277
1109.16 -531.222
1109.36 -620.817
1109.55 -1014.97
1109.75 -1354.94
1109.95 -1695.64
1110.15 -2629.22
1110.35 -3966.96
1110.55 -4794.32
1110.75 -5549.51
1110.95 -6898.64
1111.15 -8363.16
1111.35 -9766.65
1111.55 -11510.9
1111.74 -12423.8
1111.94 -12869.8
1112.14 -12453.1
1112.34 -13006.4
1112.54 -10810.8
1112.74 -10974.2
1112.94 -9108.75
1113.14 -7443.98
1113.34 -6399.61
1113.54 -4830.15
1113.74 -3741.8
1113.94 -2879.18
1114.13 -2150.7
1114.33 -1436.5
1114.53 -867.524
1114.73 -684.036
1114.93 -471.637
1115.13 -314.47
1115.33 -176.434
1115.53 -135.548
1115.73 -157.794
1115.93 -97.2836
1116.13 -117.421
1116.32 -53.1843
1116.52 -85.4656
1116.72 -72.9063
1116.92 -79.3007
1117.12 -85.6345
1117.32 -123.394
1117.52 -73.0832
1117.72 -54.2378
1117.92 -79.3804
1118.12 -85.6645
1118.32 -35.3882
1118.52 -91.9456
1118.71 -79.367
1118.91 -135.975
1119.11 -98.2297
1119.31 -104.526
1119.51 -66.7301
1119.71 -79.3227
1119.91 -98.227
1120.11 -117.133
1120.31 -85.6284
1120.51 -104.525
1120.71 -104.521
1120.91 -85.6638
1121.1 -129.614
1121.3 -66.8943
1121.5 -160.82
1121.7 -123.23
1121.9 -110.711
1122.1 -60.8237
1122.3 -135.579
1122.5 -73.3391
1122.7 -92.0003
1122.9 -147.88
1123.1 -129.227
1123.29 -85.8043
1123.49 -129.181
1123.69 -85.8127
1123.89 -147.708
1124.09 -129.122
1124.29 -79.6401
1124.49 -92.0058
1124.69 -79.6522
1124.89 -48.7892
1125.09 -135.2
1168.3 -85.8087
1168.5 -79.6063
1168.7 -98.2057
1168.9 -116.823
1169.1 -60.9611
1169.3 -54.7315
1169.49 -104.43
1169.69 -73.3391
1169.89 -110.67
1170.09 -141.841
1170.29 -148.137
1170.49 -60.738
1170.69 -129.537
1170.89 -85.6799
1171.09 -110.819
1171.29 -91.9032
1171.49 -91.8602
1171.68 -91.8035
1171.88 -130.139
1172.08 -130.239
1172.28 -78.63
1172.48 -136.885
1172.68 -130.447
1172.88 -91.2953
1173.08 -97.789
1173.28 -130.508
1173.48 -143.591
1173.68 -104.352
1173.88 -117.421
1174.07 -123.916
1174.27 -91.5151
1174.47 -123.84
1174.67 -143.059
1174.87 -142.933
1175.07 -98.165
1175.27 -66.3827
1175.47 -53.7771
1175.67 -79.2039
1175.87 -104.542
1176.07 -129.827
1176.26 -79.2634
1176.46 -110.855
1176.66 -91.9028
1176.86 -136.13
1177.06 -91.8989
1177.26 -104.54
1177.46 -110.865
1177.66 -85.5614
1177.86 -117.201
1178.06 -104.543
1207.93 -45.8936
1208.13 -45.8935
1208.33 -35.3219
1208.52 -45.893
1208.72 -19.3752
1208.92 -61.8569
1209.12 -88.732
1209.32 -45.8294
1209.52 -67.7029
1209.72 -90.3943
1209.92 -21.811
1210.12 -37.8673
1210.32 -142.032
1210.52 -91.1611
1210.72 -150.901
1210.91 -229.442
1211.11 -252.598
1211.31 -283.065
1211.51 -371.222
1211.71 -523.222
1211.91 -638.105
1212.11 -837.882
1212.31 -850.07
1212.51 -785.985
1212.71 -682.079
1212.91 -681.513
1213.1 -766.796
1213.3 -748.394
1213.5 -646.714
1213.7 -611.396
1213.9 -719.004
1214.1 -523.619
1214.3 -504.982
1214.5 -363.073
1214.7 -221.419
1214.9 -252.071
1215.1 -199.935
1215.3 -130.599
1215.49 -91.8104
1215.69 -67.6231
1215.89 -73.8785
1216.09 -62.3284
1216.29 -40.1915
1216.49 -56.6476
1216.69 -40.5445
1216.89 -61.7672
1217.09 -93.2569
1217.29 -40.6448
1217.49 -45.8869
1217.69 -24.9742
1217.88 -9.31871
1294.15 8.83162
1294.35 -35.1069
1294.55 -9.49215
1294.75 -16.834
1294.95 -5.77706
1295.15 -24.4928
1295.35 9.90317
1295.55 -17.2267
1295.75 -17.2625
1295.95 -17.0082
1296.14 -45.3375
1296.34 -14.2288
1296.54 -90.9533
1296.74 -122.996
1296.94 -163.954
1297.14 -171.743
1297.34 -207.193
1297.54 -322.808
1297.74 -412.663
1297.94 -480.324
1298.14 -603.066
1298.34 -693.494
1298.53 -692.699
1298.73 -870.758
1298.93 -1004.29
1299.13 -880.308
1299.33 -1004.34
1299.53 -993.805
1299.73 -701.937
1299.93 -702.653
1300.13 -638.822
1300.33 -575.597
1300.53 -421.016
1300.72 -266.943
1300.92 -101.084
1301.12 -136.079
1301.32 -117.286
1301.52 -73.5136
1301.72 -56.6696
1301.92 -14.8761
1302.12 -26.0338
1302.32 -21.5106
1302.52 -21.0267
1302.72 -13.0939
1302.92 -6.06758
1303.11 -9.28977
1303.31 -12.2261
1303.51 -0.0425147
1303.71 -6.0006
1303.91 -3.0746
1327.61 3.74976
1327.81 -0.591211
1328.01 -0.591295
1328.21 -2.76926
1328.4 -2.77379
1328.6 3.78571
1328.8 -2.78967
1329 -0.591519
1329.2 3.87145
1329.4 -11.8818
1329.6 -2.88038
1329.8 6.46315
1330 -0.55662
1330.2 -0.525067
1330.4 -3.05476
1330.6 -5.76965
1330.79 5.31639
1330.99 -8.91271
1331.19 0.0305422
1331.39 -9.25006
1331.59 -9.35746
1331.79 -12.7837
1331.99 -2.60837
1332.19 -9.48503
1332.39 -9.49206
1332.59 -5.98577
1332.79 -6.00329
1332.98 -9.46895
1333.18 -2.70095
1333.38 -9.36749
1333.58 -6.0919
1333.78 6.17916
1333.98 -11.8877
1334.18 -11.5604
1334.38 -0.375136
1334.58 -10.8895
1334.78 2.008
1334.98 1.89746
1335.18 -0.565539
1335.37 1.75633
1335.57 -0.583841
1335.77 -0.587255
1335.97 -0.589024
1336.17 1.65528
1336.37 -2.82874
1336.57 -0.590629
1336.77 6.1068
1336.97 -11.7501
1337.17 -5.05477
1337.37 3.87453
1396.51 1.37725
1396.71 1.37254
1396.91 -0.526122
1397.11 -0.522915
1397.31 -0.51984
1397.5 5.10271
1397.7 -0.514712
1397.9 1.35153
1398.1 -0.512707
1398.3 -2.37999
1398.5 3.2292
1398.7 1.36316
1398.9 1.37442
1399.1 -4.40602
1399.3 3.38234
1399.5 3.45755
1399.7 3.54931
1399.89 3.65645
1400.09 -2.77533
1400.29 1.6567
1400.49 4.03129
1400.69 -0.57088
1400.89 4.25656
1401.09 -0.545314
1401.29 4.38405
1401.49 1.92996
1401.69 1.91435
1401.89 -7.83574
1402.08 -5.3442
1402.28 -5.26616
1402.48 4.0209
1402.68 -0.587146
1402.88 -16.5875
1403.08 -10.0511
1403.28 -10.7604
1403.48 -0.147939
1403.68 -26.6363
1403.88 -25.4412
1404.08 -45.2831
1404.28 -107.561
1404.47 -253.457
1404.67 -244.209
1404.87 -322.666
1405.07 -567.527
1405.27 -1071.19
1405.47 -1222.27
1405.67 -2236.2
1405.87 -2651.36
1406.07 -3682.96
1406.27 -4954.32
1406.47 -6668.31
1406.66 -8442.33
1406.86 -10117.5
1407.06 -11622
1407.26 -13080.7
1407.46 -13696.8
1407.66 -14543.4
1407.86 -16199.6
1408.06 -16027.9
1408.26 -14512.3
1408.46 -14701.2
1408.66 -14893.6
1408.86 -11995
1409.05 -10048.6
1409.25 -9175.35
1409.45 -7288.7
1409.65 -5941.81
1409.85 -4305.95
1410.05 -3318.68
1410.25 -2293.56
1410.45 -1866.9
1410.65 -1133.36
1410.85 -591.895
1411.05 -446.296
1411.25 -244.75
1411.44 -123.25
1411.64 -110.166
1411.84 -9.30968
1412.04 -8.3945
1412.24 8.43398
1412.44 2.66019
1412.64 -0.58721
1412.84 -0.491331
1452.67 2.00556
1452.86 2.13228
1453.06 1.91282
1453.26 2.00015
1453.46 2.07971
1453.66 1.54841
1453.86 1.14907
1454.06 0.663075
1454.26 3.49695
1454.46 2.79377
1454.66 -0.572542
1454.86 -0.494286
1455.05 3.13816
1455.25 -13.0841
1455.45 -9.10073
1455.65 -16.9498
1455.85 -55.5582
1456.05 -72.7345
1456.25 -56.5857
1456.45 -91.8918
1456.65 -123.427
1456.85 -117.421
1457.05 -110.537
1457.25 -137.26
1457.44 -150.904
1457.64 -150.885
1457.84 -185.437
1458.04 -171.465
1458.24 -117.026
1458.44 -176.976
1458.64 -110.94
1458.84 -85.6778
1459.04 -67.6402
1459.24 -62.1451
1459.44 -50.9832
1459.64 -18.2655
1459.83 -24.5352
1460.03 -45.8767
1460.23 -66.2073
1460.43 -15.5637
1460.63 -35.6343
1460.83 -11.3426
1461.03 -40.2504
1461.23 -35.3085
1461.43 -26.0126
1461.63 -38.7144
1461.83 -9.09942
1462.02 -13.2357
1462.22 -9.49861
1462.42 -2.86837
1462.62 -8.84324
1462.82 2.00918
1463.02 -13.4501
1463.22 4.83868
1463.42 -2.97923
1463.62 3.40236
1463.82 2.92527
1464.02 2.57424
1464.22 2.02361
1464.41 2.14886
1464.61 2.00024
1464.81 1.95348
1465.01 2.00239
1465.21 1.87302
1465.41 2.15686
1465.61 2.16971
1523.16 2.01202
1523.36 2.01362
1523.56 2.26846
1523.76 2.31151
1523.96 2.03229
1524.16 0.734118
1524.35 2.0897
1524.55 2.16088
1524.75 2.29075
1524.95 1.23256
1525.15 1.25811
1525.35 -0.567134
1525.55 -2.97498
1525.75 2.59981
1525.95 -15.8688
1526.15 -9.49212
1526.35 -1.08739
1526.54 4.77437
1526.74 -30.7295
1526.94 -15.7302
1527.14 -9.39565
1527.34 -51.241
1527.54 -23.4035
1527.74 -45.3564
1527.94 -68.0352
1528.14 -79.5039
1528.34 -50.9256
1528.54 -67.9442
1528.74 -56.7153
1528.93 -40.5457
1529.13 -25.3066
1529.33 -59.9969
1529.53 -35.2244
1529.73 -64.1077
1529.93 -9.3428
1530.13 -9.49362
1530.33 -18.4978
1530.53 -21.8901
1530.73 -9.66781
1530.93 -0.515058
1531.12 2.73182
1531.32 0.0786541
1531.52 0.440114
1531.72 2.13031
1531.92 2.07351
1532.12 2.44705
1532.32 2.35325
1532.52 2.29425
1532.72 2.2581
1532.92 1.78943
1759.53 1.00449
1759.73 1.00636
1759.93 1.00942
1760.13 1.01427
1760.33 1.0218
1760.53 1.03321
1760.73 1.05006
1760.93 2.31721
1761.13 2.28877
1761.33 1.1553
1761.52 2.21002
1761.72 2.1621
1761.92 2.11257
1762.12 1.5284
1762.32 2.02875
1762.52 2.00548
1762.72 2.0007
1762.92 2.01654
1763.12 2.05252
1763.32 0.257726
1763.52 1.39909
1763.72 2.23705
1763.91 1.29592
1764.11 -0.885413
1764.31 2.38344
1764.51 1.25764
1764.71 3.49442
1764.91 1.27621
1765.11 2.28761
1765.31 3.09801
1765.51 2.89472
1765.71 1.51242
1765.91 2.04343
1766.11 1.80066
1766.3 2.00003
1766.5 1.81744
1766.7 2.03542
1766.9 1.50073
1767.1 2.12244
1767.3 2.1719
1767.5 2.21895
1767.7 1.14505
1767.9 2.29482
1768.1 2.32179
1768.3 2.34198
1768.49 2.35648
1768.69 1.02018
1768.89 2.37323
1769.09 1.00877
1769.29 3.75474
2609.64 0.212983
2609.84 0.222546
2610.04 0.236189
2610.24 0.255288
2610.44 4.20292
2610.64 0.316859
2610.84 0.363548
2611.04 0.424023
2611.24 0.500793
2611.44 0.596274
2611.64 0.712565
2611.83 0.85119
2612.03 2.37364
2612.23 3.25034
2612.43 1.40186
2612.63 2.0405
2612.83 1.85856
2613.03 2.00237
2613.23 1.71402
2613.43 2.06728
2613.63 2.11914
2613.83 2.17277
2614.03 3.09128
2614.22 2.25559
2614.42 1.31117
2614.62 -0.609277
2614.82 1.32536
2615.02 2.2151
2615.22 2.16637
2615.42 2.11255
2615.62 1.58521
2615.82 1.44749
2616.02 2.06991
2616.22 1.83012
2616.41 2.04704
2616.61 2.12354
2616.81 1.1745
2617.01 3.79336
2617.21 0.834331
2617.41 0.69848
2617.61 3.04413
2617.81 0.491612
2618.01 0.416851
2618.21 0.358066
2618.41 0.312757
2618.61 0.278514
2618.8 0.253132
2619 0.234674
2619.2 0.221503
2619.4 0.21228
