46.5558 -13318.8
46.7549 -13443.3
46.954 -11374.4
47.1531 -9039.6
47.3523 -7888.46
47.5514 -5075.83
47.7505 -3778.3
47.9496 -2650.33
48.1487 -1478.35
48.3478 -823.441
48.5469 -471.82
48.746 -298.87
48.9452 -178.788
49.1443 -72.3761
49.3434 -85.8335
49.5425 -73.7732
49.7416 -62.3232
49.9407 -68.0492
69.8521 -45.392
70.0512 -107.464
70.2503 -51.0475
70.4494 -79.2346
70.6485 -96.1255
70.8476 -67.9544
71.0467 -84.8334
71.2459 -45.4478
71.445 -96.0516
71.6441 -11.7498
71.8432 -23.0065
72.0423 -73.5437
72.2414 -90.3687
72.4405 -79.1394
72.6397 -56.7078
72.8388 -23.078
73.0379 -51.1034
73.237 -45.4949
73.4361 -45.487
73.6352 -90.3904
73.8343 -22.9734
74.0335 -28.5523
74.2326 -62.3253
74.4317 -51.0418
74.6308 -34.0904
74.8299 -96.2344
75.029 -90.6003
75.2281 -73.6485
75.4272 -45.3182
75.6264 -73.7057
75.8255 -90.9116
76.0246 -68.0512
76.2237 -68.0504
76.4228 -38.7465
76.6219 -38.4802
76.821 -91.6825
77.0202 -73.8705
77.2193 -79.8189
77.4184 -44.2823
77.6175 -120.904
77.8166 -91.331
78.0157 -45.0128
78.2148 -107.915
78.4139 -39.7506
78.6131 -90.3049
78.8122 -40.0287
79.0113 -29.0268
79.2104 -67.7645
79.4095 -78.7592
79.6086 -89.73
79.8077 -34.7264
80.0069 -89.6663
80.206 -12.8005
80.4051 -34.7673
80.6042 -29.2967
80.8033 -40.2688
81.0024 -84.0824
81.2015 -12.9215
81.4006 -56.7002
81.5998 -23.9008
81.7989 -62.1593
81.998 -13.0151
82.1971 -73.0621
82.3962 -51.2362
82.5953 -62.1377
82.7944 -62.1321
82.9936 -24.0191
83.1927 -56.6799
83.3918 -24.0524
83.5909 -34.9376
83.79 -34.9478
83.9891 -34.9581
84.1882 -72.938
84.3873 -83.7646
84.5865 -83.7403
84.7856 -45.8297
84.9847 -83.6776
85.1838 -24.2454
85.3829 -51.239
85.582 -51.2364
85.7811 -51.2322
85.9803 -51.2257
86.1794 -72.5563
86.3785 -35.2501
86.5776 -29.9775
86.7767 -35.3059
86.9758 -56.4668
87.1749 -51.1783
87.3741 -24.7429
87.5732 -104.127
87.7723 -8.7726
87.9714 -61.8259
88.1705 -29.9243
88.3696 -45.8847
88.5687 -45.8828
88.7678 -45.8815
88.967 -56.5568
89.1661 -40.5435
89.3652 -67.2264
89.5643 -77.8861
89.7634 -67.2083
89.9625 -35.2286
90.1616 -45.8859
90.3608 -29.9224
90.5599 -51.2061
90.759 -56.5184
90.9581 -40.5784
91.1572 -51.1984
91.3563 -29.9778
91.5554 -51.1928
91.7545 -51.1898
91.9537 -40.5986
92.1528 -56.4744
237.107 -12.7612
237.306 0.600574
237.506 -9.41109
237.705 7.2348
237.904 -19.3745
238.103 -12.7189
238.302 -22.6511
238.501 3.84228
238.7 7.13153
238.899 -12.686
239.098 -2.79005
239.298 -2.7921
239.497 -12.6788
239.696 -19.2915
239.895 -6.08301
240.094 -6.07733
240.293 0.667375
240.492 -2.63459
240.691 -6.01289
240.891 -2.42651
241.09 -20.3211
241.289 -5.81185
241.488 -1.99338
241.687 1.89675
241.886 5.77781
242.085 -20.8247
242.284 -5.67594
242.483 -28.0763
242.683 -13.147
242.882 -5.92607
243.081 -12.9821
243.28 -50.435
243.479 -16.1088
243.678 -9.37553
243.877 0.38981
244.076 0.321945
244.275 -9.27674
244.475 6.57591
244.674 -6.08924
244.873 3.34765
245.072 -9.22386
245.271 0.177399
245.47 -2.95839
245.669 -6.08223
245.868 -6.08083
246.067 -6.07937
246.267 0.127615
246.466 -9.17339
246.665 -9.16612
246.864 -2.98681
272.55 4.83008
272.749 -8.31968
272.948 -10.9164
273.147 -3.06396
273.346 -0.461945
273.545 4.71331
273.744 -3.05511
273.943 -0.47851
274.142 2.08225
274.342 -8.16373
274.541 2.06355
274.74 -3.04365
274.939 4.62514
275.138 -8.19069
275.337 -3.05992
275.536 -3.07242
275.735 -0.387434
275.934 -3.09034
276.134 -5.95206
276.333 -9.00096
276.532 -15.3216
276.731 -9.27312
276.93 0.425846
277.129 0.537608
277.328 -16.0675
277.527 -6.08306
277.726 -2.82957
277.926 -2.91182
278.125 -2.99412
278.324 -0.102391
278.523 -0.259332
278.722 -11.2055
278.921 2.13457
279.12 1.98995
279.319 -10.2834
279.519 -0.566048
279.718 -0.576156
279.917 1.7286
280.116 3.99305
280.315 -11.9506
280.514 3.92921
280.713 -0.589805
280.912 6.11644
281.111 1.63367
281.311 -5.01952
281.51 1.61167
281.709 3.79352
281.908 -0.591496
282.107 -4.93315
282.306 -4.91087
290.271 -0.525621
290.47 -3.01341
290.669 -0.523928
290.868 -0.523066
291.067 -3.01627
291.266 -3.01728
291.465 -5.51662
291.664 4.48298
291.864 -0.516971
292.063 -5.53552
292.262 -3.02969
292.461 2.04016
292.66 4.65803
292.859 -3.06747
293.058 -3.08465
293.257 -8.7061
293.456 -0.094889
293.656 -21.8277
293.855 4.03016
294.054 -13.0994
294.253 -13.2361
294.452 -17.2443
294.651 -8.8224
294.85 -34.6075
295.049 -43.7154
295.248 -3.71661
295.448 -25.9684
295.647 -4.23218
295.846 -21.4528
296.045 -21.2167
296.244 1.90292
296.443 4.70684
296.642 -9.40534
296.841 -21.6766
297.04 -0.115254
297.24 -11.5155
297.439 -0.375534
297.638 -8.36661
297.837 -5.66911
298.036 -0.472579
298.235 2.09094
298.434 4.6478
298.633 -0.484461
298.833 -10.7397
299.032 2.08097
299.231 -5.61541
299.43 2.0858
299.629 -0.480982
299.828 2.09125
300.027 -5.62467
347.018 -0.494211
347.217 1.3445
347.416 1.35831
347.615 -0.52955
347.814 -2.46691
348.014 -2.50103
348.213 5.3766
348.412 -6.57676
348.611 -0.571857
348.81 -0.578867
349.009 -0.585476
349.208 1.56878
349.407 1.64309
349.606 6.43593
349.806 -3.00821
350.005 -0.415249
350.204 -8.85628
350.403 9.66453
350.602 -19.7598
350.801 -2.0493
351 -13.2292
351.199 -21.4786
351.398 -25.9537
351.598 -16.9593
351.797 -30.671
351.996 -44.598
352.195 -49.0188
352.394 -17.0369
352.593 -12.8682
352.792 -21.4102
352.991 2.40597
353.19 -9.48987
353.39 0.823979
353.589 0.329299
353.788 3.03406
353.987 -8.85061
354.186 -14.2424
354.385 -3.08825
354.584 -8.47185
354.783 -0.400893
354.983 -0.400566
355.182 -8.46311
355.381 -11.1919
355.58 -0.370505
355.779 2.37605
355.978 -16.8321
356.177 -3.09029
356.376 5.25209
356.575 2.50395
356.775 -0.275912
578.189 2.16024
578.388 2.14274
578.587 1.37035
578.786 2.1115
578.985 2.09764
579.184 1.4726
579.383 1.50712
579.582 1.54222
579.782 2.52538
579.981 1.61637
580.18 1.6574
580.379 2.34573
580.578 1.75621
580.777 2.198
580.976 2.21602
581.175 1.99015
581.374 2.00263
581.574 2.01336
581.773 1.31049
581.972 2.57129
582.171 2.11465
582.37 2.16947
582.569 2.22764
582.768 2.28193
582.967 2.32498
583.166 -0.884697
583.366 0.183099
583.565 1.27542
583.764 2.31456
583.963 2.27553
584.162 1.3395
584.361 2.19208
584.56 2.90004
584.759 1.45105
584.959 2.73478
585.158 1.50729
585.357 2.08817
585.556 0.415434
585.755 2.08566
585.954 1.52095
586.153 2.09399
586.352 2.10064
586.551 1.4842
586.751 1.46992
586.95 1.45564
587.149 2.82966
587.348 1.42801
587.547 2.15594
587.746 2.93085
587.945 1.39017
588.144 2.18862
604.472 2.01202
604.671 2.23498
604.87 2.45642
605.069 2.45294
605.268 1.79429
605.467 2.22045
605.666 2.00926
605.865 1.8381
606.065 2.00359
606.264 1.96016
606.463 2.00197
606.662 1.74197
606.861 2.07974
607.06 1.34976
607.259 2.4943
607.458 -0.410221
607.657 1.53513
607.857 7.1637
608.056 -6.01
608.255 0.544248
608.454 1.36984
608.653 2.25516
608.852 -13.1896
609.051 -8.8943
609.25 -4.52173
609.449 -42.6666
609.649 -17.2711
609.848 -9.20356
610.047 -20.8392
610.246 -41.3179
610.445 -12.5155
610.644 -14.4356
610.843 6.72974
611.042 -2.55546
611.241 4.35825
611.441 -2.16937
611.64 2.93783
611.839 2.05673
612.038 2.23064
612.237 2.00056
612.436 1.93481
612.635 2.14106
612.834 2.00765
613.034 2.00969
613.233 1.79871
613.432 1.79328
613.631 1.79066
613.83 2.01193
614.029 1.7889
614.228 2.01202
656.838 1.94637
657.038 2.05444
657.237 2.00069
657.436 2.00064
657.635 1.95306
657.834 1.95933
658.033 2.02937
658.232 2.00767
658.431 2.00022
658.63 1.81975
658.83 2.19667
659.029 2.35839
659.228 2.07552
659.427 -0.159402
659.626 3.43045
659.825 2.64512
660.024 3.08142
660.223 1.5417
660.423 -0.533763
660.622 -5.86665
660.821 -18.2241
661.02 0.423555
661.219 -2.62322
661.418 -5.9733
661.617 -2.37065
661.816 -9.4991
662.015 -26.8216
662.215 -9.40897
662.414 -2.94895
662.613 -5.96882
662.812 2.14949
663.011 -2.87305
663.21 3.35502
663.409 -1.98041
663.608 3.84748
663.807 2.32792
664.007 1.36135
664.206 2.14385
664.405 0.184669
664.604 2.7281
664.803 2.10938
665.002 1.47143
665.201 1.46169
665.4 2.78939
665.599 2.77389
665.799 2.1087
665.998 0.356526
666.197 2.07317
666.396 2.05374
666.595 2.03641
666.794 1.72932
666.993 2.0127
667.192 2.00636
667.391 2.1066
667.591 1.93963
667.79 2.00021
667.989 2.00626
668.188 1.99058
668.387 2.01973
668.586 2.02608
668.785 2.02979
668.984 2.06333
669.184 1.96777
669.383 2.00027
669.582 2.03313
669.781 1.96756
669.98 2.00026
670.179 1.9681
670.378 1.96841
1115.4 3.21023
1115.6 0.522297
1115.79 0.524014
1115.99 3.19405
1116.19 0.532607
1116.39 0.541956
1116.59 0.557424
1116.79 0.582231
1116.99 0.620784
1117.19 2.8399
1117.39 2.68959
1117.59 4.15404
1117.79 1.04565
1117.99 2.18384
1118.18 2.59546
1118.38 1.86928
1118.58 2.01622
1118.78 2.10382
1118.98 2.26143
1119.18 2.47389
1119.38 1.23244
1119.58 1.27606
1119.78 -0.504641
1119.98 1.40443
1120.18 1.44318
1120.37 -4.5951
1120.57 3.38159
1120.77 1.3547
1120.97 -2.15947
1121.17 1.23771
1121.37 3.80523
1121.57 1.29687
1121.77 2.12912
1121.97 1.7054
1122.17 2.00085
1122.37 2.04748
1122.56 4.69346
1122.76 1.08473
1122.96 0.912378
1123.16 0.785103
1123.36 0.694194
1123.56 2.93745
1123.76 0.589263
1123.96 0.561964
1124.16 0.544799
1124.36 0.534334
1124.56 0.528146
1124.76 0.524596
1124.95 0.522621
1125.15 0.521553
1150.24 2.72837
1150.44 0.740192
1150.64 0.740404
1150.84 0.74079
1151.04 0.74147
1151.24 2.72404
1151.44 2.72079
1151.64 0.747641
1151.83 0.752454
1152.03 2.69562
1152.23 0.770363
1152.43 0.785442
1152.63 0.806127
1152.83 0.833567
1153.03 0.868744
1153.23 0.912264
1153.43 3.88278
1153.63 1.02364
1153.83 2.30474
1154.02 1.15772
1154.22 1.22617
1154.42 1.29029
1154.62 2.13814
1154.82 2.11834
1155.02 1.41524
1155.22 2.10345
1155.42 2.1077
1155.62 2.11989
1155.82 2.14052
1156.02 3.05576
1156.21 1.21976
1156.41 2.25589
1156.61 1.08277
1156.81 2.3687
1157.01 0.959157
1157.21 0.908092
1157.41 0.865396
1157.61 0.830984
1157.81 0.804206
1158.01 0.784067
1158.21 0.769414
1158.41 2.69665
1158.6 2.70825
1158.8 0.747389
1159 2.72105
1159.2 0.742543
1159.4 0.741422
1159.6 0.740765
1159.8 4.71529
1160 0.740185
1160.2 4.71668
1168.36 0.248811
1168.56 0.250649
1168.76 0.254013
1168.96 0.259988
1169.16 0.270292
1169.36 0.287536
1169.56 0.315537
1169.75 7.22285
1169.95 0.426999
1170.15 0.526728
1170.35 2.85767
1170.55 2.53673
1170.75 2.26749
1170.95 2.08115
1171.15 1.91916
1171.35 2.44745
1171.55 2.21074
1171.75 2.49472
1171.94 -0.363869
1172.14 -0.540749
1172.34 -4.97481
1172.54 -5.36074
1172.74 -8.15973
1172.94 -8.39934
1173.14 5.04621
1173.34 -8.50191
1173.54 2.22687
1173.74 -0.497284
1173.94 -2.94536
1174.14 -0.590878
1174.33 1.37044
1174.53 1.24717
1174.73 3.67518
1174.93 2.99288
1175.13 2.3867
1175.33 1.86911
1175.53 2.0957
1175.73 1.10543
1175.93 2.56643
1176.13 0.653969
1176.33 3.22593
1176.52 0.419817
1176.72 3.81236
1176.92 0.312699
1177.12 0.285843
1177.32 0.269316
1177.52 0.259445
1177.72 0.253721
1177.92 0.250498
1178.12 0.248736
1276.08 2.98071
1276.28 2.98027
1276.48 2.97949
1276.68 2.97815
1276.88 0.613962
1277.08 0.615589
1277.28 2.96644
1277.48 0.622159
1277.67 0.628128
1277.87 0.636805
1278.07 0.649047
1278.27 2.86564
1278.47 0.687998
1278.67 2.76954
1278.87 0.751921
1279.07 0.794422
1279.27 0.84362
1279.47 0.898424
1279.67 0.956981
1279.86 2.36985
1280.06 1.07447
1280.26 2.27436
1280.46 1.17011
1280.66 3.23997
1280.86 2.20963
1281.06 1.21967
1281.26 1.2052
1281.46 3.29989
1281.66 2.26839
1281.86 1.0835
1282.05 1.02646
1282.25 2.42053
1282.45 0.908006
1282.65 0.852503
1282.85 0.80234
1283.05 0.758726
1283.25 0.722159
1283.45 4.93469
1283.65 2.85858
1283.85 0.651715
1284.05 0.638759
1284.24 2.94142
1284.44 0.623118
1284.64 0.618817
1284.84 0.616009
1285.04 0.614228
1285.24 0.61313
1285.44 0.612472
1285.64 0.612088
1285.84 0.611871
1327.65 0.471467
1327.85 0.474336
1328.05 0.479333
1328.25 3.30981
1328.45 3.26741
1328.65 3.20268
1328.85 3.10902
1329.05 0.611388
1329.24 2.8209
1329.44 2.63395
1329.64 0.952097
1329.84 1.15787
1330.04 2.10247
1330.24 1.7651
1330.44 2.00759
1330.64 1.51491
1330.84 1.31355
1331.04 1.2308
1331.24 2.86699
1331.43 -0.520692
1331.63 -0.585607
1331.83 -7.44513
1332.03 -7.81301
1332.23 1.99009
1332.43 -0.495507
1332.63 -0.500668
1332.83 4.42822
1333.03 6.55559
1333.23 1.63187
1333.43 -6.64772
1333.63 -0.472041
1333.82 -4.76551
1334.02 3.60085
1334.22 2.19193
1334.42 1.62183
1334.62 2.0155
1334.82 2.03905
1335.02 1.31909
1335.22 1.07548
1335.42 0.890675
1335.62 0.754693
1335.82 0.657571
1336.01 0.590203
1336.21 3.14576
1336.41 0.515066
1336.61 0.496128
1336.81 0.484399
1337.01 0.477333
1337.21 0.473191
1337.41 0.470829
1455.88 0.106567
1456.08 0.1126
1456.28 0.122901
1456.48 0.140035
1456.68 0.167793
1456.88 0.211587
1457.08 0.278861
1457.27 0.379451
1457.47 0.525809
1457.67 2.74058
1457.87 3.71909
1458.07 1.39936
1458.27 1.8947
1458.47 2.05762
1458.67 -0.681432
1458.87 2.70907
1459.07 -4.37444
1459.27 1.73377
1459.46 -0.414808
1459.66 -8.98353
1459.86 -15.7553
1460.06 0.815624
1460.26 -9.50111
1460.46 -13.1781
1460.66 -28.2497
1460.86 1.87677
1461.06 1.75834
1461.26 -13.1515
1461.46 -16.556
1461.65 -2.71932
1461.85 -15.4658
1462.05 -0.228881
1462.25 4.56841
1462.45 5.91333
1462.65 -0.455384
1462.85 -0.0657258
1463.05 1.38623
1463.25 2.01642
1463.45 1.69421
1463.65 1.24459
1463.85 0.902081
1464.04 0.648565
1464.24 3.37902
1464.44 0.338416
1464.64 0.251423
1464.84 0.193739
1465.04 5.25225
1465.24 0.133074
1465.44 0.118727
1465.64 0.110162
1759.53 0.377152
1759.73 0.380973
1759.93 0.3871
1760.13 0.396695
1760.33 0.411372
1760.52 3.49226
1760.72 0.465274
1760.92 0.510799
1761.12 3.07043
1761.32 2.87781
1761.52 0.773028
1761.72 0.918909
1761.92 1.10191
1762.12 1.32536
1762.32 2.04866
1762.52 2.00277
1762.71 1.56221
1762.91 2.07734
1763.11 2.99553
1763.31 2.33198
1763.51 -0.0248467
1763.71 -3.06724
1763.91 -0.321849
1764.11 2.92817
1764.31 4.71995
1764.51 1.2915
1764.71 -2.13892
1764.9 4.56071
1765.1 1.24071
1765.3 2.6349
1765.5 1.23936
1765.7 2.30774
1765.9 2.16787
1766.1 1.57797
1766.3 1.8317
1766.5 1.84776
1766.7 3.08444
1766.9 2.16722
1767.09 2.31866
1767.29 2.50234
1767.49 0.755053
1767.69 2.90571
1767.89 0.56414
1768.09 0.503731
1768.29 0.460361
1768.49 0.429969
1768.69 0.409175
1768.89 0.395281
1769.09 0.386213
1769.29 0.380431
1769.48 3.71506
2609.54 0.0397893
2609.74 0.0471582
2609.94 0.0575959
2610.14 0.0721146
2610.34 0.0919437
2610.54 0.118529
2610.74 0.153513
2610.94 0.198683
2611.14 0.255894
2611.34 0.326949
2611.54 0.41345
2611.73 0.516618
2611.93 0.637097
2612.13 2.67147
2612.33 2.46318
2612.53 1.09612
2612.73 1.27431
2612.93 2.72134
2613.13 2.03616
2613.33 1.82251
2613.53 2.01088
2613.73 2.13661
2613.92 1.77234
2614.12 2.02733
2614.32 2.40442
2614.52 2.03905
2614.72 2.03538
2614.92 2.0261
2615.12 1.78169
2615.32 2.00355
2615.52 1.97169
2615.72 1.80343
2615.92 2.04063
2616.11 2.09755
2616.31 2.18707
2616.51 1.07785
2616.71 4.05393
2616.91 2.69551
2617.11 2.95338
2617.31 0.505513
2617.51 0.404206
2617.71 3.98819
2617.91 0.2499
2618.11 0.194009
2618.3 0.149944
2618.5 0.115861
2618.7 0.0899893
2618.9 0.0707124
2619.1 0.0566103
2619.3 0.0464796
2619.5 0.0393316
