46.6155 -8060.44
46.8146 -8176.64
47.0137 -6925.93
47.2128 -5124.11
47.4119 -4208.83
47.611 -3458.39
47.8101 -2073.09
48.0092 -1612.74
48.2083 -832.487
48.4074 -549.857
48.6065 -306.924
48.8056 -207.544
49.0047 -123.975
49.2038 -116.831
49.4029 -67.8327
49.602 -62.1697
49.8011 -56.7107
50.0002 -30.7458
69.9097 -25.135
70.1088 -66.61
70.3079 -35.4854
70.507 -30.283
70.7061 -45.8727
70.9052 -25.0548
71.1043 -25.0385
71.3034 -40.6651
71.5025 -35.4434
71.7016 -14.5412
71.9006 -35.4283
72.0997 -72.052
72.2988 -24.9363
72.4979 -56.3751
72.697 -51.1387
72.8961 -30.1299
73.0952 -93.2338
73.2943 -35.359
73.4934 -24.7945
73.6925 -35.3271
73.8916 -67.0622
74.0907 -61.7976
74.2898 -24.6409
74.4889 -40.5634
74.688 -93.9021
74.8871 2.28556
75.0862 -24.3741
75.2853 -78.246
75.4844 -34.9165
75.6835 -56.7121
75.8826 -95.625
76.0817 -84.8477
76.2807 -85.1531
76.4798 -79.6148
76.6789 -68.0364
76.878 -68.0041
77.0771 -73.8876
77.2762 -73.8883
77.4753 -56.2841
77.6744 -44.7794
77.8735 -96.8129
78.0726 -22.5552
78.2717 -34.2555
78.4708 -40.0724
78.6699 -67.7131
78.869 -94.924
79.0681 -56.6755
79.2672 -72.9198
79.4663 -78.2981
79.6654 -78.2826
79.8645 -110.735
80.0636 -62.0626
80.2627 -56.6553
80.4617 -62.0766
80.6608 -29.5553
80.8599 -51.2412
81.059 -100.109
81.2581 -62.1081
81.4572 -29.4875
81.6563 -56.6811
81.8554 -78.4698
82.0545 -13.0838
82.2536 -78.5088
82.4527 -18.4825
82.6518 -34.8449
82.8509 -62.1655
83.05 -23.8755
83.2491 -12.9041
83.4482 -84.0991
83.6473 -45.7426
83.8464 -84.1345
84.0455 -67.6832
84.2446 -34.7631
84.4437 -29.2945
84.6427 -7.44512
84.8418 -34.8696
85.0409 -45.8141
85.24 -45.8526
85.4391 -40.5545
85.6382 -35.3694
85.8373 -56.2378
86.0364 -56.0311
86.2355 -50.7899
86.4346 -30.5918
86.6337 -20.4724
86.8328 -61.107
87.0319 -45.8689
87.231 -19.3992
87.4301 -45.837
87.6292 -56.7134
87.8283 -56.7208
88.0274 -73.5502
88.2265 -73.6113
88.4256 -73.6313
88.6247 -56.6789
88.8238 -56.6857
89.0228 -39.8011
89.2219 -51.0772
89.421 -90.3961
89.6201 -45.4804
89.8192 -101.595
90.0183 -56.7047
90.2174 -62.3178
90.4165 -84.7884
90.6156 -56.6997
90.8147 -62.3218
91.0138 -67.951
91.2129 -56.6924
91.412 -73.5961
91.6111 -73.6045
91.8102 -39.7551
92.0093 -22.8007
92.2084 -34.076
237.15 -9.4952
237.349 -5.85121
237.548 -13.1384
237.747 1.42659
237.946 -2.21802
238.145 -9.4967
238.344 -2.22542
238.543 -13.1313
238.743 -16.7621
238.942 -24.0197
239.141 -5.86949
239.34 8.63394
239.539 -27.6189
239.738 -2.25664
239.937 -23.9698
240.136 -23.9523
240.335 -5.89273
240.534 -9.50067
240.733 4.86862
240.933 -5.91797
241.132 -2.35437
241.331 -9.50052
241.53 -23.7194
241.729 -16.5954
241.928 1.1327
242.127 -5.95608
242.326 -2.41057
242.525 -13.0473
242.724 1.16139
242.924 -9.50029
243.123 -27.3325
243.322 -13.0728
243.521 -23.806
243.72 -9.50109
243.919 -5.91999
244.118 -16.6648
244.317 -16.6645
244.516 -16.6631
244.715 -2.34146
244.914 1.23412
245.114 -23.8083
245.313 -23.8016
245.512 8.36621
245.711 -5.92921
245.91 -5.9309
246.109 -16.6371
246.308 -9.50068
246.507 -2.37127
246.706 -5.93759
246.905 4.74411
272.39 -6.08652
272.589 -12.6692
272.788 -29.0752
272.987 3.74011
273.186 -9.36086
273.385 -2.82926
273.584 -6.09268
273.783 0.403638
273.982 -12.5761
274.181 -2.86039
274.381 -6.09432
274.58 -2.87706
274.779 -6.09422
274.978 -9.28994
275.177 0.271339
275.376 -2.92667
275.575 -6.08687
275.774 0.142797
275.973 -6.0692
276.172 -6.05214
276.372 -3.04423
276.571 -0.13204
276.77 2.68583
276.969 2.59016
277.168 -11.5056
277.367 2.48566
277.566 -8.66421
277.765 -3.0895
277.964 -8.74448
278.163 -8.80768
278.362 -8.87225
278.562 -0.130461
278.761 2.87179
278.96 -3.04363
279.159 -6.03684
279.358 -0.0223784
279.557 6.01
279.756 -12.0692
279.955 -6.04158
280.154 -3.0344
280.353 -12.0318
280.553 -0.0501017
280.752 -11.9939
280.951 -11.9736
281.15 -3.05123
281.349 5.82265
281.548 -6.00846
281.747 -6.00322
281.946 -0.129154
282.145 -8.91822
282.344 -3.06879
290.308 2.24949
290.507 -13.7432
290.706 -5.74742
290.905 2.25946
291.105 -0.408726
291.304 2.26645
291.503 4.94616
291.702 -0.403231
291.901 -11.1281
292.1 -3.08318
292.299 -8.47663
292.498 2.33471
292.697 2.38071
292.896 -0.316805
293.096 -17.2496
293.295 -5.98623
293.494 0.0108288
293.693 -9.26575
293.892 -6.07576
294.091 -5.97625
294.29 -16.8763
294.489 -9.37866
294.688 -17.2225
294.887 -21.3675
295.086 -17.2711
295.286 -13.1007
295.485 -9.00642
295.684 -9.15181
295.883 -17.1647
296.082 -9.44732
296.281 -20.2944
296.48 -6.04142
296.679 -15.8536
296.878 6.34591
297.077 -12.0015
297.277 2.71604
297.476 -0.254802
297.675 2.49132
297.874 -14.1533
298.073 -3.08993
298.272 -0.344476
298.471 7.8802
298.67 -5.83138
298.869 -3.08946
299.068 -8.57751
299.267 -3.08963
299.467 -0.342473
299.666 -0.340822
299.865 -5.84061
300.064 -5.84245
347.05 3.83836
347.249 1.62579
347.449 -2.81075
347.648 -9.47828
347.847 3.85723
348.046 -0.591014
348.245 1.6391
348.444 -0.590642
348.643 -0.590252
348.842 -2.84061
349.041 -2.85681
349.24 -5.18241
349.44 1.77493
349.639 -7.82901
349.838 -5.57689
350.037 2.30259
350.236 5.59106
350.435 0.156699
350.634 -9.43562
350.833 -2.24573
351.032 -5.50551
351.231 -13.1784
351.43 -30.0064
351.63 -4.06926
351.829 -48.1372
352.028 -39.2809
352.227 9.07911
352.426 -21.5104
352.625 -4.98068
352.824 -17.1285
353.023 -27.7371
353.222 -2.6555
353.421 -18.6932
353.621 -3.06629
353.82 -8.55853
354.019 -0.471111
354.218 -3.00704
354.417 1.84575
354.616 -2.93051
354.815 4.08864
355.014 -0.580228
355.213 1.73195
355.412 -0.58173
355.611 4.04114
355.811 -5.2068
356.01 -0.581169
356.209 -2.89721
356.408 -0.580419
356.607 1.74059
356.806 -5.22509
578.2 1.67785
578.399 1.67784
578.598 2.38937
578.797 1.67783
578.996 2.38942
579.196 2.03363
579.395 1.67764
579.594 2.03371
579.793 2.03382
579.992 1.67605
580.191 2.39443
580.39 2.39857
580.589 2.03627
580.788 2.03811
580.987 1.64937
581.186 2.04522
581.386 2.05132
581.585 1.59009
581.784 0.0330961
581.983 1.53
582.182 2.10051
582.381 2.76703
582.58 2.82617
582.779 2.87426
582.978 1.41147
583.177 2.91774
583.377 1.41072
583.576 2.87803
583.775 0.745771
583.974 1.46587
584.173 1.49527
584.372 0.967833
584.571 1.55834
584.77 2.0607
584.969 1.61244
585.168 1.63267
585.367 2.04134
585.567 2.4177
585.766 2.03643
585.965 2.39918
586.164 2.03449
586.363 2.03408
586.562 2.03384
586.761 2.39008
586.96 1.67762
587.159 2.03363
587.358 1.6778
587.558 2.03361
587.757 2.0336
587.956 2.0336
604.282 1.79415
604.481 1.7941
604.68 2.23078
604.879 2.01242
605.078 1.35347
605.277 2.01275
605.476 1.7872
605.675 2.24948
605.874 2.01669
606.073 2.02152
606.272 2.0317
606.472 2.49873
606.671 1.49944
606.87 1.37138
607.069 0.137889
607.268 2.72048
607.467 -0.529114
607.666 1.76209
607.865 -3.09035
608.064 -2.90594
608.263 -23.743
608.463 -5.47723
608.662 -17.2707
608.861 -4.17575
609.06 -17.0665
609.259 -48.6771
609.458 -17.0031
609.657 -12.6896
609.856 -0.149717
610.055 -29.4009
610.254 -20.745
610.453 0.803487
610.653 -15.1491
610.852 -3.06427
611.051 -0.591137
611.25 -0.446128
611.449 -0.114464
611.648 2.29876
611.847 0.687816
612.046 2.61372
612.245 2.04345
612.444 2.34726
612.644 1.74752
612.843 1.77054
613.042 2.24501
613.241 2.01304
613.44 2.23346
613.639 2.23176
613.838 2.0124
614.037 1.79402
614.236 2.23058
656.644 2.00009
656.843 2
657.042 2
657.241 1.99414
657.44 2.00001
657.639 2.01581
657.838 2.00001
658.037 2
658.236 2.00753
658.435 1.97217
658.635 2.00109
658.834 2.13392
659.033 2.24492
659.232 2.41931
659.431 0.923609
659.63 2.20684
659.829 2.40564
660.028 4.2088
660.227 -0.498827
660.426 -0.591211
660.625 4.44093
660.825 -0.333856
661.024 2.91259
661.223 -2.9415
661.422 -6.09293
661.621 -2.79069
661.82 -9.3656
662.019 -2.90277
662.218 -12.1461
662.417 -0.245419
662.616 -10.8101
662.816 -9.73192
663.015 -2.50971
663.214 1.25555
663.413 1.23222
663.612 1.30199
663.811 1.41623
664.01 0.975941
664.209 2.48675
664.408 1.66331
664.607 1.67954
664.806 2.39198
665.006 2.03683
665.205 1.65509
665.404 1.65246
665.603 2.41588
665.802 2.38679
666.001 2.02633
666.2 2.28634
666.399 1.16241
666.598 2.00611
666.797 2.10024
666.997 2.04658
667.196 2
667.395 2.00031
667.594 1.93716
667.793 2.00179
667.992 2.10316
668.191 1.89146
668.39 2.00349
668.589 2.25337
668.788 2.00406
668.987 2.13641
669.187 2.00445
669.386 1.86721
669.585 1.86501
669.784 1.86288
669.983 2.14939
670.182 1.85869
1115.16 0.919914
1115.36 0.919979
1115.56 0.92012
1115.76 0.920417
1115.96 2.47186
1116.16 0.922205
1116.35 2.46786
1116.55 3.99769
1116.75 0.935765
1116.95 0.948046
1117.15 0.968183
1117.35 2.38629
1117.55 2.34011
1117.75 2.28005
1117.95 1.2196
1118.15 2.13356
1118.35 2.06521
1118.54 2.0168
1118.74 2.00005
1118.94 2.31228
1119.14 1.53258
1119.34 -0.178605
1119.54 3.27207
1119.74 1.25583
1119.94 2.4917
1120.14 1.22956
1120.34 -1.44086
1120.54 1.23118
1120.73 2.45523
1120.93 1.2719
1121.13 2.23875
1121.33 2.82192
1121.53 2.49474
1121.73 1.83403
1121.93 2.00271
1122.13 2.41489
1122.33 1.45201
1122.53 1.29347
1122.73 2.2397
1122.92 3.52677
1123.12 1.02595
1123.32 0.985147
1123.52 0.958735
1123.72 0.942259
1123.92 0.932349
1124.12 0.926599
1124.32 2.4691
1124.52 0.92164
1124.72 0.920732
1124.92 0.920275
1125.11 5.57888
1150.2 0.638439
1150.4 0.638462
1150.6 0.638511
1150.8 0.638611
1151 0.638807
1151.2 0.639181
1151.4 0.639868
1151.59 0.641085
1151.79 2.91216
1151.99 0.646604
1152.19 0.652075
1152.39 0.66047
1152.59 0.672878
1152.79 0.690535
1152.99 4.83085
1153.19 4.68861
1153.39 0.786573
1153.59 0.835007
1153.78 0.890883
1153.98 0.952213
1154.18 1.0159
1154.38 3.55037
1154.58 1.13368
1154.78 2.23625
1154.98 1.20864
1155.18 1.22102
1155.38 1.21456
1155.58 2.22847
1155.78 2.25728
1155.97 1.09654
1156.17 2.35152
1156.37 2.41461
1156.57 2.48486
1156.77 0.852209
1156.97 2.63064
1157.17 0.758527
1157.37 0.724152
1157.57 2.80401
1157.77 0.678035
1157.97 0.664066
1158.16 2.88858
1158.36 0.648168
1158.56 0.644144
1158.76 5.18897
1158.96 0.64021
1159.16 0.639373
1159.36 2.92118
1159.56 0.638665
1159.76 2.92198
1159.96 0.638475
1168.12 2.42752
1168.32 0.960517
1168.52 2.42707
1168.72 0.961395
1168.92 0.962575
1169.11 3.88058
1169.31 3.86731
1169.51 0.976679
1169.71 0.989866
1169.91 1.01195
1170.11 2.34088
1170.31 1.10317
1170.51 2.23072
1170.71 1.30724
1170.91 2.08391
1171.11 2.35007
1171.3 1.98898
1171.5 2.02674
1171.7 1.46947
1171.9 2.27393
1172.1 3.74035
1172.3 2.74077
1172.5 -0.432361
1172.7 3.24435
1172.9 1.43464
1173.1 -8.81506
1173.3 1.48843
1173.5 -2.59208
1173.69 3.31072
1173.89 3.08359
1174.09 -1.9096
1174.29 2.5655
1174.49 2.33663
1174.69 0.659224
1174.89 1.19925
1175.09 1.90828
1175.29 1.78607
1175.49 2.06228
1175.69 2.13305
1175.88 1.22158
1176.08 1.12718
1176.28 2.32667
1176.48 2.3647
1176.68 2.39021
1176.88 0.980386
1177.08 0.971205
1177.28 0.966027
1177.48 2.42448
1177.68 0.961722
1177.88 0.960967
1178.07 0.960596
1275.83 2.30914
1276.03 3.5345
1276.23 2.30917
1276.43 1.08372
1276.63 1.08361
1276.83 2.30948
1277.02 3.53655
1277.22 2.31035
1277.42 2.31129
1277.62 2.31286
1277.82 1.07649
1278.02 2.31927
1278.22 1.06526
1278.42 1.05564
1278.62 1.04236
1278.82 1.02471
1279.02 1.00212
1279.21 2.41257
1279.41 0.941772
1279.61 0.905102
1279.81 0.865891
1280.01 2.59425
1280.21 0.788793
1280.41 0.756278
1280.61 2.74334
1280.81 0.716234
1281.01 2.77721
1281.21 0.719758
1281.4 2.73176
1281.6 2.6861
1281.8 0.79991
1282 0.838311
1282.2 0.87804
1282.4 0.916638
1282.6 2.43649
1282.8 2.40324
1283 1.00947
1283.2 1.0305
1283.4 2.34166
1283.59 1.05885
1283.79 2.32315
1283.99 2.31795
1284.19 1.07748
1284.39 1.08005
1284.59 1.08165
1284.79 1.08261
1284.99 2.30969
1285.19 1.08348
1285.39 1.08365
1285.59 1.08374
1285.78 3.53455
1327.4 0.13909
1327.59 0.139444
1327.79 0.140167
1327.99 0.141597
1328.19 0.144334
1328.39 0.149402
1328.59 5.22897
1328.79 0.174228
1328.99 0.200619
1329.19 0.243389
1329.39 0.310374
1329.59 0.41172
1329.78 0.559762
1329.98 0.768419
1330.18 2.33695
1330.38 2.10374
1330.58 2.00313
1330.78 2.45499
1330.98 3.10912
1331.18 2.53183
1331.38 2.93043
1331.58 -4.48788
1331.78 -5.01681
1331.97 -2.95885
1332.17 2.01813
1332.37 -0.467502
1332.57 -3.06026
1332.77 -0.497084
1332.97 -2.97791
1333.17 -7.349
1333.37 -0.568635
1333.57 -0.437871
1333.77 3.97937
1333.97 2.27757
1334.16 1.05573
1334.36 1.99456
1334.56 1.50845
1334.76 1.11918
1334.96 0.819378
1335.16 3.01496
1335.36 0.437986
1335.56 7.55661
1335.76 0.255161
1335.96 0.208109
1336.16 0.178836
1336.35 0.161227
1336.55 0.150982
1336.75 0.145214
1336.95 0.142072
1337.15 0.140415
1455.81 0.478354
1456.01 3.33502
1456.21 0.482483
1456.41 0.487651
1456.61 3.28124
1456.81 5.94892
1457.01 3.15069
1457.21 0.591287
1457.4 0.669282
1457.6 0.791114
1457.8 0.975232
1458 1.2443
1458.2 2.04043
1458.4 2.00486
1458.6 2.13428
1458.8 2.46531
1459 -0.439317
1459.2 -4.97747
1459.4 4.76872
1459.59 -3.04585
1459.79 -9.38304
1459.99 -9.50017
1460.19 -5.68485
1460.39 -13.2417
1460.59 -17.2278
1460.79 -17.2465
1460.99 -13.2099
1461.19 -21.1376
1461.39 -9.41606
1461.59 -13.1255
1461.79 -12.8242
1461.98 3.17529
1462.18 -8.54792
1462.38 -0.578839
1462.58 3.23477
1462.78 1.22741
1462.98 -0.364662
1463.18 2.0256
1463.38 2.01421
1463.58 1.35105
1463.78 1.05032
1463.98 2.57198
1464.17 0.702898
1464.37 0.612703
1464.57 0.556173
1464.77 0.521866
1464.97 0.5017
1465.17 0.490216
1465.37 0.483878
1465.57 0.480488
1759.43 0.308379
1759.63 0.30905
1759.83 4.03708
1760.03 0.312514
1760.23 0.316392
1760.43 0.322962
1760.63 0.33377
1760.83 0.351037
1761.03 3.71081
1761.22 0.418121
1761.42 0.476971
1761.62 0.560295
1761.82 0.67463
1762.02 2.5938
1762.22 2.36479
1762.42 2.1812
1762.62 2.05793
1762.82 2.00293
1763.02 1.76468
1763.22 1.51548
1763.41 2.21391
1763.61 1.26724
1763.81 1.23206
1764.01 2.66131
1764.21 4.29273
1764.41 1.24534
1764.61 -1.89162
1764.81 -1.79142
1765.01 1.22768
1765.21 3.74926
1765.41 2.33528
1765.6 -0.24039
1765.8 2.59262
1766 2.00911
1766.2 1.82865
1766.4 2.07545
1766.6 1.21729
1766.8 0.983424
1767 2.63795
1767.2 0.65185
1767.4 3.14887
1767.6 0.465182
1767.79 0.410037
1767.99 0.372443
1768.19 0.347575
1768.39 3.92551
1768.59 0.321651
1768.79 0.315621
1768.99 0.312073
1769.19 0.310045
2609.17 0.313689
2609.37 4.01365
2609.57 0.316202
2609.77 0.318777
2609.97 0.322894
2610.17 0.329325
2610.37 0.339136
2610.57 3.81836
2610.76 0.375019
2610.96 3.59819
2611.16 0.447056
2611.36 3.26181
2611.56 0.57815
2611.76 0.673894
2611.96 4.49059
2612.16 0.939517
2612.36 2.28584
2612.56 1.31067
2612.76 3.13163
2612.95 2.25797
2613.15 2.00009
2613.35 2.01636
2613.55 1.60541
2613.75 2.10405
2613.95 -0.0617228
2614.15 2.1977
2614.35 3.10358
2614.55 1.34049
2614.75 0.48749
2614.95 2.18367
2615.14 2.13701
2615.34 2.08539
2615.54 2.41992
2615.74 2.00748
2615.94 1.92878
2616.14 1.68315
2616.34 1.45018
2616.54 1.23677
2616.74 1.04746
2616.94 0.884532
2617.14 0.748276
2617.33 2.92434
2617.53 0.549643
2617.73 0.481899
2617.93 0.430938
2618.13 0.393548
2618.33 0.366782
2618.53 0.348079
2618.73 0.33532
2618.93 0.32682
2619.13 0.321288
