41.6268 -31812.9
41.8258 -32014.4
42.0248 -32665.1
42.2239 -33083.2
42.4229 -32602.7
42.6219 -31843.5
42.8209 -31967.4
43.02 -33624.9
43.219 -31487.3
43.418 -31146.2
43.617 -32698.7
43.8161 -34086.3
44.0151 -34949.8
44.2141 -37469.3
44.4132 -40646.4
44.6122 -44866.3
44.8112 -52395
45.0102 -60129.1
45.2093 -69623.3
45.4083 -81518
45.6073 -94047.9
45.8063 -105199
46.0054 -119727
46.2044 -124833
46.4034 -130763
46.6025 -130926
46.8015 -125909
47.0005 -116894
47.1995 -110747
47.3986 -95250.7
47.5976 -82565.1
47.7966 -70398.6
47.9957 -59060.4
48.1947 -50510.8
48.3937 -44833.8
48.5927 -37700
48.7918 -33593.2
48.9908 -30620.6
49.1898 -30120.7
49.3889 -28950
49.5879 -29138.7
49.7869 -27845.9
49.9859 -27600.9
50.185 -28170.7
50.384 -29078.5
50.583 -26906.3
50.7821 -28413.8
50.9811 -28378.6
51.1801 -30262
51.3791 -30892.2
51.5782 -35075.8
51.7772 -36476.2
51.9762 -38118.2
52.1753 -41045.5
52.3743 -44527.9
52.5733 -49532.4
52.7723 -50531.4
52.9714 -51120.1
53.1704 -52266.5
53.3694 -51987.9
53.5685 -50237.6
53.7675 -48917.4
53.9665 -46530.7
54.1655 -43321.3
54.3646 -40790.7
54.5636 -38150.6
54.7626 -35060.5
54.9617 -32684
55.1607 -32571.7
55.3597 -28552.9
55.5588 -28663.8
55.7578 -27238.1
55.9568 -29000.2
56.1558 -28035.7
56.3549 -28600.7
56.5539 -26156.9
56.7529 -26600.1
56.952 -28492.5
57.151 -28843
57.35 -28308.8
57.5491 -28628.8
57.7481 -28003.4
57.9471 -29359.7
58.1461 -30730.5
181.353 -75069.5
181.552 -75018.5
181.751 -75035.6
181.95 -77369.6
182.149 -73724.1
182.349 -76636.6
182.548 -75444.4
182.747 -76108.5
182.946 -73060
183.145 -75086.7
183.344 -74932.9
183.543 -77372.5
183.742 -79903.9
183.941 -81003.3
184.14 -83530.7
184.339 -86825
184.538 -94833.1
184.737 -101064
184.936 -108181
185.135 -117180
185.334 -128928
185.533 -137428
185.732 -142778
185.932 -149171
186.131 -151234
186.33 -154160
186.529 -151069
186.728 -143233
186.927 -134625
187.126 -126627
187.325 -114368
187.524 -107545
187.723 -99501.5
187.922 -91177
188.121 -88256.6
188.32 -80214.1
188.519 -78021.7
188.718 -73929
188.917 -74319.7
189.116 -70484.2
189.315 -70959.8
189.514 -70519.8
189.714 -69792.2
189.913 -70722.7
190.112 -68084.7
190.311 -71601.4
190.51 -69167.2
190.709 -68930.7
190.908 -70079.7
191.107 -68897.1
237.09 -40200.4
237.289 -40120.8
237.488 -40679.5
237.687 -41349.6
237.886 -40440.3
238.085 -39818.4
238.284 -41588.5
238.483 -39339.7
238.682 -40727.4
238.881 -40934.7
239.08 -43608.3
239.279 -43481.9
239.479 -47679.9
239.678 -52065.5
239.877 -55325.3
240.076 -62631.7
240.275 -71993.6
240.474 -82566.2
240.673 -98905.9
240.872 -111598
241.071 -127435
241.27 -146944
241.469 -156818
241.668 -166695
241.867 -175461
242.066 -173015
242.265 -170980
242.464 -161170
242.664 -148678
242.863 -131124
243.062 -118071
243.261 -101379
243.46 -83907.9
243.659 -72994.8
243.858 -64186.4
244.057 -53660.9
244.256 -49356.7
244.455 -43899.9
244.654 -39480.3
244.853 -37593.3
245.052 -39038.2
245.251 -37676.1
245.45 -36807.4
245.65 -34869.5
245.849 -36365.7
246.048 -36082.2
246.247 -36097.8
246.446 -36474.8
246.645 -36207.3
246.844 -33976.9
254.01 -31518.2
254.209 -31238.9
254.408 -32480.4
254.608 -32278.5
254.807 -29626.6
255.006 -31952.4
255.205 -30139.1
255.404 -31998.5
255.603 -31456.2
255.802 -31750.4
256.001 -31471.6
256.2 -30712.8
256.399 -31564.7
256.598 -30727.8
256.797 -31596
256.996 -32558.9
257.195 -32559.5
257.394 -31639
257.594 -34901.5
257.793 -34088.6
257.992 -36332.8
258.191 -35405.4
258.39 -37391
258.589 -35465.4
258.788 -36254.5
258.987 -37139
259.186 -36145.1
259.385 -36066.6
259.584 -36316.5
259.783 -34949.9
259.982 -33510.5
260.181 -32948.2
260.38 -30339.9
260.58 -31331.7
260.779 -29879.2
260.978 -30187
261.177 -28709.8
261.376 -30015.3
261.575 -29247.1
261.774 -27177.2
261.973 -27055.4
262.172 -27193.8
262.371 -28831.6
262.57 -28066.4
262.769 -28463.8
262.968 -26644.7
263.167 -27989.6
263.366 -26905.1
263.566 -27515.9
263.765 -27638
269.936 -26462.7
270.135 -24857.3
270.334 -24297.2
270.533 -25084.6
270.732 -25009
270.931 -24101.1
271.13 -25342
271.329 -24494.8
271.528 -24222.6
271.727 -25841.1
271.926 -25886.6
272.126 -26219.6
272.325 -26780.1
272.524 -25069.1
272.723 -25644.7
272.922 -25780.8
273.121 -27118.7
273.32 -28080.1
273.519 -30283.5
273.718 -30779.9
273.917 -30124.2
274.116 -29309.1
274.315 -30867.1
274.514 -29630.8
274.713 -31068.9
274.913 -29429.3
275.112 -30326.7
275.311 -30388.2
275.51 -28755.6
275.709 -27207
275.908 -26919.5
276.107 -26677.2
276.306 -25264.1
276.505 -25872
276.704 -25901
276.903 -24782.8
277.102 -23637.8
277.301 -24510.9
277.5 -24735.9
277.7 -23563.8
277.899 -24074.4
278.098 -23068.5
278.297 -23428.8
278.496 -23864.1
278.695 -23488.9
278.894 -23849
279.093 -24464.2
279.292 -23488.9
279.491 -23203.9
279.69 -24058.9
279.889 -22904
280.088 -23458.9
280.287 -22319.5
280.487 -24163.4
280.686 -23623.7
280.885 -23998.3
281.084 -22155.5
281.283 -24192.7
281.482 -23114.3
281.681 -23743.1
281.88 -21632.4
282.079 -23997.2
282.278 -21618.1
290.241 -21859
290.44 -20215.3
290.639 -21310.9
290.838 -20985.2
291.037 -21651.4
291.236 -21888.6
291.435 -21607.6
291.635 -21726.9
291.834 -22560.8
292.033 -22904.2
292.232 -24842.6
292.431 -27283.6
292.63 -33260.6
292.829 -40950.8
293.028 -50758.6
293.227 -65493.7
293.426 -87068.5
293.625 -111936
293.824 -144688
294.023 -176591
294.223 -214367
294.422 -249716
294.621 -286010
294.82 -317809
295.019 -329788
295.218 -340543
295.417 -333291
295.616 -313344
295.815 -289293
296.014 -257934
296.213 -219570
296.412 -180436
296.611 -144161
296.81 -115613
297.01 -89214.8
297.209 -68642.9
297.408 -53167.3
297.607 -38924.7
297.806 -32201
298.005 -28188.2
298.204 -24225.2
298.403 -22709.5
298.602 -20645
298.801 -20496.8
299 -19731.4
299.199 -19423
299.398 -19452.2
299.598 -18280.7
299.797 -18544.5
299.996 -19685.8
300.195 -18471.6
346.978 -10838.5
347.177 -11209.6
347.376 -10426.8
347.575 -10234.4
347.775 -10852.1
347.974 -11746.2
348.173 -12534.5
348.372 -12968.3
348.571 -14205.4
348.77 -17808.8
348.969 -20202.4
349.168 -27072.3
349.367 -37027
349.566 -50613.5
349.765 -72518.8
349.964 -99677.7
350.164 -138008
350.363 -181940
350.562 -241947
350.761 -306420
350.96 -369452
351.159 -433759
351.358 -488447
351.557 -541961
351.756 -563135
351.955 -572841
352.154 -563116
352.353 -528076
352.553 -478515
352.752 -426784
352.951 -356377
353.15 -285057
353.349 -228944
353.548 -176403
353.747 -129520
353.946 -92550.5
354.145 -66704.1
354.344 -44946.7
354.543 -32714.8
354.742 -23593.8
354.942 -18513.7
355.141 -14417.5
355.34 -11912.2
355.539 -10880.7
355.738 -10470.6
355.937 -9739.89
356.136 -8517.09
356.335 -8853.83
356.534 -8773.99
356.733 -9122.12
381.818 -7810.63
382.017 -8020.94
382.216 -7416.33
382.415 -7823.79
382.614 -7836.94
382.814 -8572.9
383.013 -8848.89
383.212 -8020.93
383.411 -7810.63
383.61 -8165.57
383.809 -7757.91
384.008 -8073.6
384.207 -8350.25
384.406 -8561.61
384.605 -7848.42
384.804 -8271.06
385.004 -8296.62
385.203 -9255.39
385.402 -9242.58
385.601 -9012.76
385.8 -10321.3
385.999 -10580.2
386.198 -10334.7
386.397 -11099.8
386.596 -11140.7
386.795 -11415.5
386.994 -12312.8
387.193 -11704.7
387.393 -12896
387.592 -11328.9
387.791 -12911.6
387.99 -12258.3
388.189 -13400
388.388 -12648
388.587 -12940.7
388.786 -12829
388.985 -12077.7
389.184 -12022.8
389.383 -11705
389.583 -11621.9
389.782 -10867.1
389.981 -10009.2
390.18 -9442.47
390.379 -9524.42
390.578 -8841.48
390.777 -8961.42
390.976 -8615.56
391.175 -7822.42
391.374 -7981.37
391.573 -7705.31
391.773 -7758.17
391.972 -7600.79
392.171 -8532.34
392.37 -8191.13
392.569 -7155.29
392.768 -8204.1
392.967 -7863.26
393.166 -8256.45
393.365 -8007.41
393.564 -7588.04
393.763 -7653.58
449.908 -4076.04
450.107 -3760.96
450.306 -4791.1
450.505 -4136.75
450.704 -3821.81
450.903 -4148.92
451.103 -4391.17
451.302 -4366.94
451.501 -4536.56
451.7 -4100.34
451.899 -4609.56
452.098 -4536.98
452.297 -4695.34
452.496 -4268.95
452.695 -4965.44
452.894 -5581.07
453.094 -5040.96
453.293 -5500.47
453.492 -5413.95
453.691 -5589.01
453.89 -6030.6
454.089 -6628.62
454.288 -6028.62
454.487 -7015.01
454.686 -7144.06
454.885 -6347.35
455.085 -6399.18
455.284 -5875.4
455.483 -6424.73
455.682 -5638.3
455.881 -5802.88
456.08 -5301.6
456.279 -5338.55
456.478 -4905.15
456.677 -4745.23
456.876 -4268.98
457.076 -4038.97
457.275 -4584.93
457.474 -4257.98
457.673 -3618.58
457.872 -4318.05
458.071 -4414.22
458.27 -3932.76
458.469 -4257.6
458.668 -4257.59
458.867 -3812.5
459.066 -4125.28
459.266 -3956.66
459.465 -4499.07
459.664 -4499.6
459.863 -4015.72
460.062 -4439.85
460.261 -4586.08
460.46 -4965.81
460.659 -5114.53
460.858 -5301.02
461.057 -5052.75
461.257 -5951.74
461.456 -6041.28
461.655 -5891.2
461.854 -6080.61
462.053 -6282.61
462.252 -5513.12
462.451 -5375.35
462.65 -5025.38
462.849 -5102.13
463.048 -5214.54
463.248 -4313.03
463.447 -4463.15
463.646 -4329.89
463.845 -4148.45
464.044 -4173.36
464.243 -4101.17
464.442 -4089.19
464.641 -4496.76
464.84 -4017.1
465.039 -4017.03
465.239 -3849.67
465.438 -3873.59
465.637 -3754.22
465.836 -3909.39
466.035 -4243.4
466.234 -3730.48
466.433 -3599.35
466.632 -3849.74
466.831 -4028.51
475.592 -4096.06
475.791 -3517.95
475.99 -3730.17
476.189 -3305.86
476.388 -3600.45
476.587 -3482.66
476.786 -3482.67
476.986 -3412.04
477.185 -3482.67
477.384 -3294.17
477.583 -3871.69
477.782 -3529.68
477.981 -3789.87
478.18 -3493.21
478.379 -3718.49
478.578 -4101.13
478.777 -4149.27
478.977 -4391.19
479.176 -5174.35
479.375 -5016.25
479.574 -5488.32
479.773 -5726.87
479.972 -5425.56
480.171 -5878.77
480.37 -5853.51
480.569 -6308.14
480.769 -5513.34
480.968 -5714.65
481.167 -5289.23
481.366 -5016.24
481.565 -4462.93
481.764 -4452.02
481.963 -3871.8
482.162 -3538.32
482.361 -3837.71
482.56 -3612.34
482.76 -3259.49
482.959 -3459.04
483.158 -3108.7
483.357 -3283.66
483.556 -2958.09
483.755 -3283.55
483.954 -3039.56
484.153 -3481.32
484.352 -3481.77
484.551 -2979.69
484.751 -3400.49
484.95 -3931.36
485.149 -3778.27
485.348 -4365.62
485.547 -4670.59
485.746 -5211.91
485.945 -5549.89
486.144 -5300.58
486.343 -6258.68
486.543 -6514.54
486.742 -7272.28
486.941 -7119.4
487.14 -7468.03
487.339 -6294.71
487.538 -5641.96
487.737 -6182.76
487.936 -6283.39
488.135 -5326.29
488.334 -4496.5
488.534 -4402.7
488.733 -4209.66
488.932 -3587.07
489.131 -2950.82
489.33 -3716.59
489.529 -2946.64
489.728 -3063.26
489.927 -2833.17
490.126 -3154.36
490.325 -2845.09
490.525 -2810.86
490.724 -3175.53
490.923 -2685.62
491.122 -2697.06
491.321 -2276.5
491.52 -3015.24
491.719 -3242.16
491.918 -2708.53
492.117 -2878.65
575.146 -2345.83
575.345 -2204.49
575.544 -1998.06
575.744 -2117.51
575.943 -1791.81
576.142 -2008.93
576.341 -2334.52
576.54 -2008.93
576.739 -1987.2
576.938 -1998.04
577.137 -1823.82
577.336 -1943.25
577.536 -1931.72
577.735 -2249.63
577.934 -2205.31
578.133 -2159.41
578.332 -2561.69
578.531 -2936.04
578.73 -2948.09
578.929 -3167.28
579.129 -3341.59
579.328 -3742.65
579.527 -4100.81
579.726 -4474.3
579.925 -4088.86
580.124 -4790.15
580.323 -4161.33
580.522 -4474.36
580.721 -3837.58
580.921 -3493.32
581.12 -3282.78
581.319 -3027.68
581.518 -2879.1
581.717 -2890.4
581.916 -2280.52
582.115 -2093.13
582.314 -2360.1
582.514 -2304.19
582.713 -2379.43
582.912 -1759.27
583.111 -1857.4
583.31 -1760.49
583.509 -1879.32
583.708 -2191.36
583.907 -2115.78
584.106 -1890.11
584.306 -1857.91
584.505 -1761.47
584.704 -1547.4
584.903 -2146.75
585.102 -1825.78
585.301 -1793.73
585.5 -1932.56
585.699 -1943.17
585.898 -1932.43
586.098 -1772.42
586.297 -1751.11
586.496 -1878.98
586.695 -1942.84
586.894 -1900.19
587.093 -1548.95
587.292 -1783.07
587.491 -1644.82
587.691 -1612.97
587.89 -1719.28
588.089 -1708.67
604.416 -1740.23
604.616 -2200.74
604.815 -1761.04
605.014 -1976.4
605.213 -2128.67
605.412 -2438.08
605.611 -3097.74
605.81 -4609.1
606.009 -5648.57
606.209 -10020.7
606.408 -14318.8
606.607 -22084
606.806 -33354.4
607.005 -51347
607.204 -70992.9
607.403 -103557
607.602 -137519
607.801 -180938
608.001 -227861
608.2 -284690
608.399 -337960
608.598 -385122
608.797 -431058
608.996 -464844
609.195 -479817
609.394 -480855
609.594 -470385
609.793 -435008
609.992 -396987
610.191 -350834
610.39 -298186
610.589 -239958
610.788 -191136
610.987 -145451
611.187 -108128
611.386 -77234.5
611.585 -53248.7
611.784 -36617.8
611.983 -25023.9
612.182 -16056.6
612.381 -9588.88
612.58 -6514.41
612.779 -4354.52
612.979 -3271.93
613.178 -2326.65
613.377 -1911.15
613.576 -1879.02
613.775 -1771.83
613.974 -1708.02
614.173 -1603.22
656.786 -1252.65
656.985 -1232.22
657.184 -1395.86
657.383 -1344.73
657.582 -1314.07
657.781 -1252.75
657.98 -1334.52
658.179 -1395.83
658.379 -1406.05
658.578 -1201.68
658.777 -1477.61
658.976 -1457.21
659.175 -1211.7
659.374 -1610.96
659.573 -1395.9
659.773 -1570.5
659.972 -1488.48
660.171 -1519.54
660.37 -1788.46
660.569 -1706.34
660.768 -1592.57
660.967 -1571.91
661.166 -1478.06
661.366 -1645.15
661.565 -1603.37
661.764 -1320.13
661.963 -1708.5
662.162 -1550.33
662.361 -1751.16
662.56 -1740.02
662.759 -1846.08
662.959 -2061.98
663.158 -2448.93
663.357 -3467.28
663.556 -3328.16
663.755 -4342.67
663.954 -5214.55
664.153 -5864.36
664.352 -7405.73
664.552 -8218.39
664.751 -9242.48
664.95 -9589.38
665.149 -11003.7
665.348 -10345.8
665.547 -12087
665.746 -11440.8
665.945 -10864.3
666.145 -8477.91
666.344 -8046.58
666.543 -7860.34
666.742 -6551.92
666.941 -5227.04
667.14 -4318.49
667.339 -4036.7
667.538 -2764.59
667.738 -2617.2
667.937 -1681.49
668.136 -1622.8
668.335 -1655.88
668.534 -1478.35
668.733 -1190.5
668.932 -1446.79
669.131 -1486.92
669.331 -1354.7
669.53 -1415.25
669.729 -1081.71
669.928 -1122.22
670.127 -1303.91
670.326 -1384.59
698.204 -1261.2
698.403 -1633.46
698.602 -1499.04
698.802 -1509.38
699.001 -1488.7
699.2 -1685.35
699.399 -1395.5
699.598 -1602.76
699.797 -1530.24
699.996 -1207.48
700.196 -1613.78
700.395 -1603.36
700.594 -1761.63
700.793 -1654.99
700.992 -1965.56
701.191 -2150.62
701.39 -2161.01
701.589 -2247.17
701.789 -3129.91
701.988 -3340.47
702.187 -2839.24
702.386 -3257.86
702.585 -4588.45
702.784 -4172.93
702.983 -4161.33
703.182 -4462.01
703.382 -3585.23
703.581 -3706.48
703.78 -3600.42
703.979 -3705.5
704.178 -2970.34
704.377 -2673.49
704.576 -2516.53
704.776 -2549.45
704.975 -2052.02
705.174 -1900.63
705.373 -1997.07
705.572 -1995.09
705.771 -1276.93
705.97 -1530.09
706.169 -1613.65
706.369 -1717.39
706.568 -1613.23
706.767 -1602.72
706.966 -1612.99
707.165 -1333.43
707.364 -1416.26
707.563 -1374.88
707.762 -1447.31
707.962 -1468.01
714.931 -981.513
715.13 -1676.82
715.329 -1283.73
715.529 -1415.01
715.728 -1243.34
715.927 -1192.72
716.126 -1172.33
716.325 -1182.27
716.524 -1131.11
716.723 -1252.93
716.923 -1416.39
717.122 -1540.04
717.321 -1312.37
717.52 -1582.43
717.719 -1814.48
717.918 -1954.22
718.117 -1976.39
718.316 -2150.62
718.516 -2683.82
718.715 -2663.23
718.914 -3234.24
719.113 -2982.22
719.312 -2863.56
719.511 -3576.63
719.71 -3541.55
719.91 -3860.11
720.109 -3517.99
720.308 -3330.14
720.507 -3120.51
720.706 -3017.04
720.905 -2719.31
721.104 -2459.82
721.303 -2538.85
721.503 -2249.68
721.702 -2030.63
721.901 -1997.76
722.1 -1964.35
722.299 -1888.57
722.498 -1792.58
722.697 -1592.9
722.897 -1415.46
723.096 -1561.5
723.295 -1426.24
723.494 -1727.78
723.693 -1478.27
723.892 -1488.66
724.091 -1374.23
724.29 -1571.89
724.49 -1499.02
724.689 -1436.48
758.143 -1223.26
758.342 -1102.78
758.542 -1213.22
758.741 -1102.75
758.94 -1343.78
759.139 -1394.01
759.338 -1122.81
759.537 -1243.35
759.736 -1183.07
759.936 -1223.26
760.135 -992.159
760.334 -1253.4
760.533 -1373.98
760.732 -1273.5
760.931 -1112.75
761.13 -1193.13
761.33 -1273.47
761.529 -1213.22
761.728 -1142.96
761.927 -1383.79
762.126 -1092.85
762.325 -1293.44
762.524 -1353.56
762.723 -1263.33
762.923 -1223.24
763.122 -1012.73
763.321 -1153.05
763.52 -1273.42
763.719 -1193.13
763.918 -1223.25
764.117 -1132.42
764.317 -1516.74
764.516 -1089.89
764.715 -1416.44
764.914 -1655.53
765.113 -1623.3
765.312 -2205.27
765.511 -2764.48
765.711 -3516.94
765.91 -4233.78
766.109 -6116.59
766.308 -7900.36
766.507 -9766.72
766.706 -12300.3
766.905 -14970.5
767.105 -18545
767.304 -21606.5
767.503 -25841.8
767.702 -29078.8
767.901 -30882.1
768.1 -32854.7
768.299 -34997
768.498 -33995
768.698 -33135.9
768.897 -30063.5
769.096 -27791
769.295 -25792.7
769.494 -21133.3
769.693 -17498.3
769.892 -14050.3
770.092 -11442.9
770.291 -8349.75
770.49 -6771.36
770.689 -5561.28
770.888 -3981.06
771.087 -2752.1
771.286 -2304.57
771.486 -1824.57
771.685 -1676.91
771.884 -1728.35
772.083 -1364.9
772.282 -1406.09
772.481 -1395.63
772.68 -1222.85
772.88 -1202.7
773.079 -1445.81
773.278 -1172.43
781.044 -1374.99
781.243 -1172.26
781.442 -1314.19
781.642 -1192.45
781.841 -1202.5
782.04 -1354.89
782.239 -1283.58
782.438 -1314
782.637 -1467.91
782.836 -1550.97
783.036 -1592.88
783.235 -1910.9
783.434 -1542.55
783.633 -2393.58
783.832 -2923.94
784.031 -3178.99
784.23 -4135.39
784.43 -4756.62
784.629 -5550.77
784.828 -6627.27
785.027 -7158.46
785.226 -8072.4
785.425 -7835.13
785.624 -8269.37
785.824 -8614.41
786.023 -9202.26
786.222 -8562.15
786.421 -7848.02
786.62 -7601.25
786.819 -6331.57
787.018 -6615.23
787.217 -5189.42
787.417 -4866.88
787.616 -4207.53
787.815 -3318.58
788.014 -2742.58
788.213 -2393.73
788.412 -2019.78
788.611 -2252.74
788.811 -1456.06
789.01 -1759.08
789.209 -1622.73
789.408 -1180.48
789.607 -1416.28
789.806 -1456.93
790.005 -1263.28
790.205 -1151.4
790.404 -1487.12
790.603 -1212.52
790.802 -1385.39
791.001 -1019.33
791.2 -1222.69
801.356 -1475.21
801.556 -1172.8
801.755 -1273.64
801.954 -1192.88
802.153 -1212.99
802.352 -1374.99
802.551 -1334.55
802.75 -1365.18
802.95 -1158.4
803.149 -1498.88
803.348 -1698.11
803.547 -2084.54
803.746 -2349.2
803.945 -2561.05
804.144 -3283.68
804.344 -4280.36
804.543 -4671.56
804.742 -5928.8
804.941 -6900.04
805.14 -8033.66
805.339 -8349.05
805.538 -9578.07
805.738 -9954.17
805.937 -10442.4
806.136 -11305.7
806.335 -11922.8
806.534 -10156.9
806.733 -10267.5
806.932 -9108.6
807.132 -9090.22
807.331 -7223.79
807.53 -6538.87
807.729 -4519.04
807.928 -4257.93
808.127 -3659.5
808.326 -3120.44
808.526 -2326.44
808.725 -2380.18
808.924 -2157.66
809.123 -1582.25
809.322 -1364.06
809.521 -1488.45
809.72 -1385.61
809.92 -1293.87
810.119 -1263.49
810.318 -1162.29
810.517 -1293.89
810.716 -1293.88
810.915 -1293.87
811.114 -1192.82
834.215 -1415.9
834.414 -1507.48
834.613 -1334.56
834.812 -1314.2
835.012 -1181.75
835.211 -1263.18
835.41 -1263.06
835.609 -1365.18
835.808 -1447.22
836.007 -1251.5
836.206 -1664.97
836.406 -1582.43
836.605 -1613.72
836.804 -1580.22
837.003 -2106.29
837.202 -2579.16
837.401 -2137.03
837.6 -2731.22
837.8 -2948.03
837.999 -3306.99
838.198 -3647.82
838.397 -4040.91
838.596 -3799.93
838.795 -4633.45
838.994 -3990.48
839.194 -4488.39
839.393 -4427.42
839.592 -4221.55
839.791 -4267.4
839.99 -3494.28
840.189 -3108.82
840.388 -2925.15
840.588 -2561.35
840.787 -2427.24
840.986 -2403.15
841.185 -1770.8
841.384 -1612.05
841.583 -1814.45
841.782 -1697.72
841.982 -1634.39
842.181 -1436.9
842.38 -1664.23
842.579 -1632.83
842.778 -1437.03
842.977 -1447.3
843.176 -1323.95
843.376 -1303.41
843.575 -1354.79
843.774 -1282.84
843.973 -1406.17
855.723 -1477.99
855.922 -1416.43
856.121 -1467.75
856.32 -1406.17
856.519 -1611.51
856.718 -1467.78
856.917 -1252.11
857.117 -1282.9
857.316 -1447.27
857.515 -1642.55
857.714 -1251.96
857.913 -1344.46
858.112 -1179.83
858.312 -1179.71
858.511 -1560.62
858.71 -1509.18
858.909 -1643.29
859.108 -1313.18
859.307 -1653.92
859.506 -1292.28
859.706 -1509.39
859.905 -1581.88
860.104 -1550.87
860.303 -1509.44
860.502 -1250.28
860.701 -1550.92
860.9 -1582.02
861.1 -1467.99
861.299 -1530.16
861.498 -1530.14
861.697 -1592.22
861.896 -1354.21
862.095 -1323.24
862.294 -1457.67
862.494 -1395.68
862.693 -1251.1
862.892 -1540.29
863.091 -1220.2
863.29 -1385.4
863.489 -1416.38
863.688 -1271.83
863.888 -1550.6
864.087 -1385.39
864.286 -1550.62
864.485 -1612.61
864.684 -1406.02
864.883 -1674.64
865.082 -1550.67
865.282 -1550.68
865.481 -1478.35
929.209 -1406.17
929.408 -1221.42
929.607 -1549.95
929.806 -1467.86
930.005 -1406.12
930.204 -1540.42
930.404 -1457.41
930.603 -1834.35
930.802 -1570.42
931.001 -2095.34
931.2 -2271.77
931.399 -2165.2
931.598 -3295.28
931.798 -4136.95
931.997 -5127.27
932.196 -6081.31
932.395 -7875.4
932.594 -9416.36
932.793 -10443.3
932.993 -13219.2
933.192 -13964.9
933.391 -15856
933.59 -17642.7
933.789 -18690.2
933.988 -18720.3
934.187 -18311.9
934.387 -17352.6
934.586 -17093
934.785 -15427.1
934.984 -13205.1
935.183 -11732.2
935.382 -10186.2
935.581 -8947.36
935.781 -6732.07
935.98 -5966.37
936.179 -4610.52
936.378 -3375.29
936.577 -3074.65
936.776 -2371.24
936.976 -1986.82
937.175 -1611.88
937.374 -1624.35
937.573 -1540.64
937.772 -1375.21
937.971 -1467.6
938.17 -1436.59
938.37 -1599.21
938.569 -1283.72
938.768 -1273.6
938.967 -1233.03
959.082 -1003.94
959.281 -924.298
959.48 -1103.48
959.679 -1083.56
959.878 -1352.44
960.077 -1063.58
960.277 -1292.82
960.476 -1272.99
960.675 -1103.2
960.874 -1283.35
961.073 -1484.64
961.272 -1253.46
961.471 -999.292
961.671 -1406.11
961.87 -1581.6
962.069 -1749.36
962.268 -1402.58
962.467 -2060.83
962.666 -1933.15
962.866 -2271.1
963.065 -2515.25
963.264 -2550.17
963.463 -2336.39
963.662 -2742.52
963.861 -2651.57
964.06 -2457.73
964.26 -2640.13
964.459 -2787.93
964.658 -2482.68
964.857 -2438.37
965.056 -2560.02
965.255 -2062.94
965.455 -2182.4
965.654 -1847.19
965.853 -1751.05
966.052 -1739.3
966.251 -1416.27
966.45 -1477.92
966.649 -1344.73
966.849 -1334.32
967.048 -1313.8
967.247 -1273.37
967.446 -1063.17
967.645 -1422.75
967.844 -1063.5
968.044 -953.978
968.243 -1103.46
968.442 -1053.69
968.641 -1163.21
968.84 -1113.44
969.039 -1123.39
1047.11 -898.693
1047.31 -748.286
1047.51 -842.327
1047.71 -757.622
1047.91 -823.516
1048.11 -908.385
1048.3 -823.499
1048.5 -700.461
1048.7 -823.387
1048.9 -946.994
1049.1 -1014.22
1049.3 -1024.41
1049.5 -986.118
1049.7 -1083.75
1049.9 -896.07
1050.1 -1353.15
1050.3 -1253.42
1050.49 -1426.64
1050.69 -1094.65
1050.89 -1571.92
1051.09 -1496.87
1051.29 -1783.05
1051.49 -2191.19
1051.69 -2084.38
1051.89 -1943.95
1052.09 -1998.06
1052.29 -2289.39
1052.49 -1836.4
1052.69 -1900.46
1052.88 -1380.72
1053.08 -1760.53
1053.28 -1302.19
1053.48 -1344.68
1053.68 -1182.53
1053.88 -1173.15
1054.08 -1202.74
1054.28 -1152.63
1054.48 -986.061
1054.68 -1199.21
1054.88 -899.227
1055.08 -764.868
1055.27 -956.911
1055.47 -851.592
1055.67 -1033.24
1055.87 -794.354
1056.07 -823.028
1056.27 -1176.38
1056.47 -937.634
1056.67 -823.007
1056.87 -746.545
1065.03 -841.976
1065.23 -813.277
1065.43 -775.017
1065.63 -822.879
1065.83 -899.428
1066.03 -813.302
1066.23 -1033.45
1066.43 -937.739
1066.63 -870.617
1066.83 -1005.07
1067.03 -1014.9
1067.22 -1140.92
1067.42 -888.843
1067.62 -1132.71
1067.82 -1281.19
1068.02 -1153.25
1068.22 -1213.21
1068.42 -1456.29
1068.62 -1508.69
1068.82 -1385.17
1069.02 -1310.79
1069.22 -1624.34
1069.42 -1857.06
1069.61 -1570.25
1069.81 -1772.41
1070.01 -1516.31
1070.21 -1836.34
1070.41 -1782.98
1070.61 -1845.81
1070.81 -1498.66
1071.01 -1561.35
1071.21 -1478.09
1071.41 -1395.53
1071.61 -1333.87
1071.81 -984.123
1072 -1271.07
1072.2 -800.551
1072.4 -1015.16
1072.6 -1110.99
1072.8 -1071.7
1073 -804.098
1073.2 -832.827
1073.4 -994.034
1073.6 -785.614
1073.8 -908.541
1074 -747.972
1074.2 -776.338
1074.39 -691.509
1074.59 -625.606
1074.79 -936.558
1115.42 -851.814
1115.62 -984.502
1115.82 -756.252
1116.02 -899.12
1116.22 -1113.42
1116.42 -1283.73
1116.62 -1498.95
1116.82 -1965.51
1117.02 -2458.93
1117.21 -3944.7
1117.41 -5712.6
1117.61 -7627.16
1117.81 -10281.2
1118.01 -14050.3
1118.21 -18486.4
1118.41 -25688.2
1118.61 -30696.1
1118.81 -38848.9
1119.01 -48347.6
1119.21 -56382
1119.41 -65126.8
1119.6 -72994.2
1119.8 -78723.5
1120 -79746.1
1120.2 -84047.3
1120.4 -86910.2
1120.6 -81397.8
1120.8 -77252.9
1121 -72739
1121.2 -62948.6
1121.4 -54269.1
1121.6 -48329.9
1121.8 -39008
1121.99 -30712.9
1122.19 -24059.6
1122.39 -19186.8
1122.59 -13684
1122.79 -10077.8
1122.99 -7288.59
1123.19 -5102.9
1123.39 -3600.54
1123.59 -2494.15
1123.79 -1589.13
1123.99 -1282.42
1124.19 -1093.56
1124.38 -995.764
1124.58 -1041.41
1124.78 -907.485
1124.98 -711.707
1125.18 -665.784
1128.77 -747.805
1128.97 -918.03
1129.16 -747.868
1129.36 -719.539
1129.56 -738.449
1129.76 -823.489
1129.96 -757.308
1130.16 -823.466
1130.36 -813.958
1130.56 -927.788
1130.76 -985.089
1130.96 -1167.13
1131.16 -1043.51
1131.36 -1111.85
1131.55 -937.307
1131.75 -1024.9
1131.95 -1302.18
1132.15 -1273.39
1132.35 -1233.13
1132.55 -1579.92
1132.75 -1571.12
1132.95 -1488.68
1133.15 -1645.13
1133.35 -1194.21
1133.55 -1771.54
1133.75 -1582.32
1133.94 -1697.78
1134.14 -1665.98
1134.34 -1592.52
1134.54 -1406.13
1134.74 -1324.33
1134.94 -1071.53
1135.14 -993.202
1135.34 -1103.66
1135.54 -858.7
1135.74 -966.736
1135.94 -928.179
1136.14 -870.824
1136.33 -747.768
1136.53 -814.103
1136.73 -682.888
1136.93 -907.406
1137.13 -711.429
1137.33 -776.629
1137.53 -841.606
1137.73 -702.375
1137.93 -841.428
1138.13 -804.316
1138.33 -850.552
1138.53 -637.75
1150.28 -757.743
1150.48 -795.314
1150.67 -757.702
1150.87 -879.98
1151.07 -880.09
1151.27 -899.148
1151.47 -899.355
1151.67 -937.732
1151.87 -957.064
1152.07 -1015.17
1152.27 -1143.22
1152.47 -1385.57
1152.67 -1728.75
1152.87 -1578.96
1153.06 -2393
1153.26 -2391.37
1153.46 -3295.22
1153.66 -3897.38
1153.86 -4159.73
1154.06 -5376.01
1154.26 -6307.99
1154.46 -6911.36
1154.66 -7068.25
1154.86 -7679.27
1155.06 -7431.42
1155.26 -7169.49
1155.45 -6765.85
1155.65 -7132.91
1155.85 -7337.74
1156.05 -6144.79
1156.25 -5852.32
1156.45 -5052.76
1156.65 -4149.37
1156.85 -3482.68
1157.05 -2936.67
1157.25 -2304.37
1157.45 -1813.35
1157.65 -1751
1157.84 -1292.89
1158.04 -1333.85
1158.24 -1103.62
1158.44 -850.552
1158.64 -889.877
1158.84 -918.065
1159.04 -776.535
1159.24 -692.525
1159.44 -879.11
1159.64 -804.505
1159.84 -758.032
1160.04 -767.298
1168.4 -675.235
1168.6 -638.778
1168.8 -602.325
1169 -602.326
1169.2 -574.981
1169.4 -620.544
1169.6 -602.292
1169.79 -802.938
1169.99 -766.51
1170.19 -857.971
1170.39 -711.796
1170.59 -739.328
1170.79 -555.581
1170.99 -831.666
1171.19 -822.773
1171.39 -850.951
1171.59 -841.99
1171.79 -954.795
1171.99 -823.514
1172.18 -795.026
1172.38 -832.783
1172.58 -832.596
1172.78 -1196.24
1172.98 -832.248
1173.18 -908.979
1173.38 -899.389
1173.58 -1043.14
1173.78 -870.761
1173.98 -737.501
1174.18 -738.058
1174.38 -738.571
1174.57 -851.659
1174.77 -804.667
1174.97 -674.384
1175.17 -776.499
1175.37 -684.184
1175.57 -583.323
1175.77 -684.343
1175.97 -666.097
1176.17 -638.792
1176.37 -602.455
1176.57 -584.355
1176.77 -802.332
1176.96 -620.766
1177.16 -774.972
1177.36 -511.993
1177.56 -711.451
1177.76 -620.813
1177.96 -693.307
1178.16 -802.017
1202.86 -585.24
1203.06 -620.697
1203.25 -549.778
1203.45 -585.246
1203.65 -611.888
1203.85 -611.929
1204.05 -647.633
1204.25 -549.389
1204.45 -629.964
1204.65 -638.956
1204.85 -574.77
1205.05 -785.655
1205.25 -664.351
1205.45 -737.847
1205.64 -1150.23
1205.84 -1083.9
1206.04 -1273.2
1206.24 -1304.03
1206.44 -1571.43
1206.64 -1498.45
1206.84 -1729.91
1207.04 -1739.84
1207.24 -1684.42
1207.44 -2128.45
1207.64 -1660.4
1207.84 -2052.4
1208.03 -2225.71
1208.23 -2170.1
1208.43 -1900.45
1208.63 -1687.57
1208.83 -1478.24
1209.03 -1272.99
1209.23 -1313.86
1209.43 -1143.22
1209.63 -1073.55
1209.83 -975.804
1210.03 -879.856
1210.23 -841.325
1210.42 -720.92
1210.62 -602.764
1210.82 -504.295
1211.02 -469.264
1211.22 -620.768
1211.42 -611.777
1211.62 -629.341
1211.82 -726.223
1212.02 -391.355
1212.22 -505.891
1212.42 -514.711
1212.62 -558.694
1233.13 -638.611
1233.33 -603.06
1233.53 -764.058
1233.73 -647.958
1233.93 -502.729
1234.13 -721.032
1234.32 -842.227
1234.52 -860.859
1234.72 -1044.08
1234.92 -1457.6
1235.12 -1815.08
1235.32 -2070.41
1235.52 -3759.86
1235.72 -3895.43
1235.92 -5639.41
1236.12 -7898.58
1236.32 -8693.85
1236.52 -11195.6
1236.71 -13261.2
1236.91 -16717.7
1237.11 -19612.8
1237.31 -21801
1237.51 -22963.7
1237.71 -25341.9
1237.91 -25932.5
1238.11 -27682
1238.31 -26890
1238.51 -25357.1
1238.71 -23653.9
1238.91 -21474.2
1239.1 -19012.4
1239.3 -16660.3
1239.5 -13414.4
1239.7 -12298.5
1239.9 -9672.19
1240.1 -7601.24
1240.3 -6105.47
1240.5 -4294.08
1240.7 -3178.52
1240.9 -2449.49
1241.1 -1717.97
1241.3 -1499.02
1241.49 -963.96
1241.69 -928.133
1241.89 -814.105
1242.09 -794.715
1242.29 -557.206
1242.49 -665.917
1242.69 -656.654
1242.89 -718.677
1243.09 -540.879
1276.15 -454.388
1276.35 -696.901
1276.55 -445.432
1276.75 -523.645
1276.95 -541.124
1277.15 -567.527
1277.35 -736.83
1277.54 -494.422
1277.74 -757.763
1277.94 -842.213
1278.14 -812.957
1278.34 -916.263
1278.54 -1324.35
1278.74 -1655.59
1278.94 -1750.22
1279.14 -2127.9
1279.34 -2901.62
1279.54 -2748.49
1279.74 -3968.4
1279.93 -3955.5
1280.13 -4929.49
1280.33 -5338.92
1280.53 -5451.3
1280.73 -6219.23
1280.93 -6561.41
1281.13 -6043
1281.33 -5689.73
1281.53 -5601.38
1281.73 -5040.99
1281.93 -4220.02
1282.13 -3957.11
1282.32 -3494.44
1282.52 -2913.43
1282.72 -2381.72
1282.92 -1920.51
1283.12 -1708.39
1283.32 -1561.38
1283.52 -1475.92
1283.72 -1192.46
1283.92 -879.84
1284.12 -937.165
1284.32 -832.692
1284.52 -757.969
1284.71 -583.489
1284.91 -821.127
1285.11 -729.759
1285.31 -693.35
1285.51 -638.935
1285.71 -648.001
1285.91 -512.027
1327.54 -666.129
1327.74 -584.538
1327.94 -638.933
1328.13 -602.676
1328.33 -521.109
1328.53 -593.629
1328.73 -575.524
1328.93 -684.231
1329.13 -620.852
1329.33 -620.874
1329.53 -819.69
1329.73 -675.072
1329.93 -765.087
1330.13 -674.906
1330.33 -620.974
1330.52 -710.297
1330.72 -558.536
1330.92 -718.23
1331.12 -638.133
1331.32 -611.394
1331.52 -628.559
1331.72 -471.407
1331.92 -497.594
1332.12 -419.776
1332.32 -480.355
1332.52 -480.363
1332.72 -454.439
1332.91 -627.432
1333.11 -393.408
1333.31 -575.937
1333.51 -611.152
1333.71 -497.132
1333.91 -488.008
1334.11 -602.998
1334.31 -549.594
1334.51 -388.442
1334.71 -620.976
1334.91 -414.132
1335.11 -675.021
1335.3 -657.029
1335.5 -666.084
1335.7 -702.285
1335.9 -810.947
1336.1 -593.666
1336.3 -557.407
1336.5 -648.002
1336.7 -666.126
1336.9 -711.446
1337.1 -657.063
1337.3 -738.646
1372.75 -402.237
1372.95 -636.609
1373.15 -506.195
1373.35 -541.119
1373.55 -523.195
1373.75 -701.853
1373.94 -638.551
1374.14 -907.915
1374.34 -889.435
1374.54 -1083.21
1374.74 -1602.8
1374.94 -2040.94
1375.14 -2740.59
1375.34 -3504.15
1375.54 -4173.35
1375.74 -5040.81
1375.94 -6182.44
1376.14 -7588
1376.33 -9604.51
1376.53 -10634.8
1376.73 -12411.3
1376.93 -13866.8
1377.13 -14885.9
1377.33 -15941.6
1377.53 -16558.8
1377.73 -15999.2
1377.93 -15598.2
1378.13 -14785.9
1378.33 -14318.6
1378.53 -12368.5
1378.72 -11030.5
1378.92 -9564.1
1379.12 -8774.07
1379.32 -6590.41
1379.52 -5802.74
1379.72 -4573.79
1379.92 -3576.87
1380.12 -2776.66
1380.32 -2106.92
1380.52 -1761.19
1380.72 -1111.42
1380.92 -1162.09
1381.11 -927.794
1381.31 -730.227
1381.51 -556.931
1381.71 -557.912
1381.91 -603.022
1382.11 -485.838
1382.31 -757.047
1382.51 -804.009
1382.71 -861.036
1382.91 -861.069
1383.11 -819.094
1383.31 -1403.95
1383.5 -1406.17
1383.7 -1466.75
1383.9 -1911.55
1384.1 -2030.41
1384.3 -2160.46
1384.5 -2786.93
1384.7 -2549.03
1384.9 -2902.26
1385.1 -3028.66
1385.3 -3097.9
1385.5 -3259.27
1385.7 -3177.74
1385.89 -2765.28
1386.09 -2606.76
1386.29 -2527.34
1386.49 -1876.93
1386.69 -1997.62
1386.89 -1771.76
1387.09 -1251.69
1387.29 -1333.89
1387.49 -1054.42
1387.69 -899.401
1387.89 -729.684
1388.09 -684.263
1388.28 -675.092
1388.48 -620.836
1388.68 -532.314
1388.88 -567.217
1389.08 -514.927
1389.28 -652.697
1389.48 -420.294
1389.68 -480.404
1389.88 -446.172
1390.08 -429.101
1390.28 -480.38
1396.65 -488.906
1396.85 -410.707
1397.05 -584.533
1397.25 -593.395
1397.45 -471.119
1397.65 -505.911
1397.85 -549.777
1398.04 -782.291
1398.24 -657.05
1398.44 -859.771
1398.64 -757.341
1398.84 -869.94
1399.04 -1282.43
1399.24 -1365.17
1399.44 -1603.37
1399.64 -2127.25
1399.84 -2338.11
1400.04 -2527.45
1400.24 -2809.14
1400.43 -3094.6
1400.63 -3885.53
1400.83 -4306.32
1401.03 -4878.72
1401.23 -4843.39
1401.43 -5089.6
1401.63 -4978.85
1401.83 -4904.59
1402.03 -4281.5
1402.23 -4209.66
1402.43 -3599.57
1402.63 -3576.47
1402.82 -2752.3
1403.02 -2505.27
1403.22 -2106.45
1403.42 -1986.84
1403.62 -1655.75
1403.82 -1416.26
1404.02 -1073.29
1404.22 -985.73
1404.42 -908.452
1404.62 -1160.55
1404.82 -1083.66
1405.02 -994.3
1405.21 -1232.81
1405.41 -1603.37
1405.61 -2073.59
1405.81 -2182.07
1406.01 -3108.97
1406.21 -3576.9
1406.41 -4427.62
1406.61 -5226.97
1406.81 -6093.88
1407.01 -6629.82
1407.21 -7914.67
1407.41 -8851.82
1407.6 -8668.86
1407.8 -8708.17
1408 -8707.74
1408.2 -9001.84
1408.4 -8801.62
1408.6 -8139.47
1408.8 -7119.19
1409 -6052.15
1409.2 -6042.85
1409.4 -5449.02
1409.6 -4052.67
1409.8 -3482.7
1409.99 -3096.37
1410.19 -2050.42
1410.39 -1622.36
1410.59 -1550.8
1410.79 -1193.18
1410.99 -976.423
1411.19 -691.708
1411.39 -776.098
1411.59 -513.054
1411.79 -744.514
1411.99 -427.441
1412.19 -644.995
1412.38 -566.58
1412.58 -420.298
1412.78 -531.795
1412.98 -394.875
1456 -558.606
1456.2 -629.665
1456.4 -665.21
1456.6 -558.593
1456.8 -523.041
1457 -611.916
1457.2 -611.919
1457.4 -487.454
1457.6 -505.227
1457.8 -567.466
1458 -567.465
1458.19 -727.526
1458.39 -727.52
1458.59 -487.448
1458.79 -540.801
1458.99 -540.809
1459.19 -523.045
1459.39 -585.251
1459.59 -611.897
1459.79 -620.771
1459.99 -594.128
1460.19 -620.758
1460.39 -585.249
1460.58 -638.507
1460.78 -594.127
1460.98 -558.613
1461.18 -540.842
1461.38 -682.988
1461.58 -478.578
1461.78 -496.309
1461.98 -576.348
1462.18 -531.819
1462.38 -656.512
1462.58 -531.749
1462.78 -745.763
1462.97 -665.527
1463.17 -576.287
1463.37 -576.277
1463.57 -620.935
1463.77 -603.068
1463.97 -710.33
1464.17 -585.185
1464.37 -692.493
1464.57 -612.009
1464.77 -629.902
1464.97 -585.166
1465.17 -647.809
1465.37 -638.864
1465.56 -638.869
1465.76 -361.298
1504.4 -657.044
1504.6 -611.476
1504.8 -720.88
1505 -684.321
1505.2 -665.727
1505.4 -618.661
1505.6 -1001.97
1505.8 -908.934
1506 -918.215
1506.2 -1103.63
1506.39 -1283.75
1506.59 -1582.37
1506.79 -1986.52
1506.99 -2315.8
1507.19 -2946.3
1507.39 -3109.27
1507.59 -3802.09
1507.79 -4743.8
1507.99 -5598.5
1508.19 -5551.18
1508.39 -6591.03
1508.59 -6371.5
1508.79 -7249.73
1508.98 -7026.86
1509.18 -8006.92
1509.38 -8124.16
1509.58 -7796.28
1509.78 -7119.95
1509.98 -6233.07
1510.18 -5765
1510.38 -5251.91
1510.58 -4573.87
1510.78 -3610.08
1510.98 -3154.89
1511.18 -2947.73
1511.37 -1949.57
1511.57 -1900.78
1511.77 -1519.3
1511.97 -1242.43
1512.17 -1163.21
1512.37 -1025.06
1512.57 -937.733
1512.77 -889.547
1512.97 -767.325
1513.17 -748.737
1513.37 -794.513
1513.57 -784.975
1513.76 -656.986
1513.96 -729.877
1514.16 -620.654
1533.68 -674.642
1533.88 -693.207
1534.08 -915.283
1534.28 -822.736
1534.48 -868.986
1534.68 -674.714
1534.88 -850.675
1535.08 -544.477
1535.28 -823.22
1535.47 -804.696
1535.67 -701.131
1535.87 -709.55
1536.07 -947.297
1536.27 -957.065
1536.47 -1142.55
1536.67 -1083.79
1536.87 -1223.26
1537.07 -1395.61
1537.27 -1457.64
1537.47 -1603.15
1537.67 -1561.28
1537.86 -1592.16
1538.06 -1623.18
1538.26 -2061.21
1538.46 -1782.88
1538.66 -1697.25
1538.86 -1430.68
1539.06 -1676.8
1539.26 -1814.12
1539.46 -1697.39
1539.66 -1685.17
1539.86 -1365.18
1540.06 -1404.91
1540.25 -1243.02
1540.45 -1172.72
1540.65 -1122.81
1540.85 -1083.2
1541.05 -841.032
1541.25 -1015.05
1541.45 -986.106
1541.65 -859.629
1541.85 -1034.83
1542.05 -935.943
1542.25 -1024.01
1542.45 -942.807
1542.64 -1192.99
1542.84 -1172.36
1543.04 -1497.12
1543.24 -1487.19
1543.44 -1426.06
1543.64 -1435.86
1543.84 -1243.37
1544.04 -1163.12
1544.24 -934.769
1544.44 -1241.11
1544.64 -1044.38
1544.84 -1148.6
1545.03 -804.572
1545.23 -804.622
1545.43 -739.426
1545.63 -647.98
1545.83 -459.505
1546.03 -540.876
1546.23 -479.571
1546.43 -453.877
1546.63 -514.934
1546.83 -514.847
1547.03 -403.218
1547.23 -497.473
1547.42 -497.373
1547.62 -352.836
1547.82 -480.212
1548.02 -564.732
1548.22 -488.51
1578.3 -290.175
1578.5 -371.236
1578.7 -346.886
1578.89 -428.295
1579.09 -330.469
1579.29 -379.523
1579.49 -478.598
1579.69 -346.046
1579.89 -345.243
1580.09 -616.919
1580.29 -393.472
1580.49 -540.994
1580.69 -575.731
1580.89 -794.951
1581.09 -974.872
1581.28 -957.047
1581.48 -1153.19
1581.68 -1547.04
1581.88 -1209.88
1582.08 -1813.45
1582.28 -1847.05
1582.48 -1868.46
1582.68 -2128.63
1582.88 -2117.83
1583.08 -2216.61
1583.28 -2282.63
1583.48 -2304.34
1583.67 -2052.34
1583.87 -1954.77
1584.07 -1815.08
1584.27 -1550.34
1584.47 -1343.3
1584.67 -1242.82
1584.87 -1143.23
1585.07 -868.75
1585.27 -1004.47
1585.47 -767.316
1585.67 -784.738
1585.87 -603.068
1586.06 -488.508
1586.26 -445.859
1586.46 -327.12
1586.66 -530.466
1586.86 -387.617
1587.06 -429.237
1587.26 -470.427
1587.46 -288.846
1587.66 -412.439
1587.86 -363.088
1588.06 -453.454
1589.85 -371.248
1590.05 -322.529
1590.25 -330.637
1590.45 -509.505
1590.65 -355.005
1590.84 -354.994
1591.04 -420.38
1591.24 -322.081
1591.44 -338.29
1591.64 -321.354
1591.84 -437.758
1592.04 -564.53
1592.24 -377.877
1592.44 -402.434
1592.64 -637.659
1592.84 -496.16
1593.04 -792.72
1593.23 -840.362
1593.43 -636.96
1593.63 -729.166
1593.83 -813.537
1594.03 -841.446
1594.23 -995.826
1594.43 -1064.09
1594.63 -1083.75
1594.83 -1122.92
1595.03 -966.451
1595.23 -820.768
1595.43 -1169.65
1595.62 -995.23
1595.82 -880.307
1596.02 -767.186
1596.22 -860.041
1596.42 -555.946
1596.62 -720.585
1596.82 -683.948
1597.02 -647.775
1597.22 -611.972
1597.42 -496.145
1597.62 -540.553
1597.82 -549.2
1598.02 -702.17
1598.21 -629.776
1598.41 -794.198
1598.61 -702.605
1598.81 -637.581
1599.01 -804.535
1599.21 -785.97
1599.41 -879.224
1599.61 -823.19
1599.81 -822.963
1600.01 -776.381
1600.21 -556.109
1600.41 -575.349
1600.6 -567.043
1600.8 -549.686
1601 -602.641
1601.2 -558.392
1601.4 -506.181
1601.6 -403.777
1601.8 -463.11
1602 -312.469
1602.2 -512.103
1602.4 -470.184
1602.6 -502.579
1602.8 -281.4
1602.99 -395.759
1603.19 -273.642
1603.39 -298.134
1603.59 -355.011
1603.79 -355.01
1603.99 -330.683
1604.19 -355.008
1656.37 -176.921
1656.57 -275.269
1656.77 -252.582
1656.97 -252.595
1657.17 -252.597
1657.37 -214.113
1657.57 -368.869
1657.77 -354.254
1657.97 -346.881
1658.17 -363.055
1658.36 -497.08
1658.56 -506.205
1658.76 -602.964
1658.96 -683.682
1659.16 -995.307
1659.36 -994.953
1659.56 -1476.8
1659.76 -1582.36
1659.96 -1655.19
1660.16 -1780.71
1660.36 -2382.22
1660.56 -2292.92
1660.75 -2663.22
1660.95 -2537.8
1661.15 -3187.52
1661.35 -2822.26
1661.55 -2765.31
1661.75 -2832.87
1661.95 -2729.57
1662.15 -2316
1662.35 -2117.67
1662.55 -2039.11
1662.75 -1342.57
1662.95 -1253.27
1663.14 -1143.1
1663.34 -660.664
1663.54 -748.704
1663.74 -442.942
1663.94 -557.501
1664.14 -313.504
1664.34 -243.229
1664.54 -283.301
1664.74 -244.893
1664.94 -207.73
1665.14 -185.993
1665.34 -178.764
1665.53 -171.607
1665.73 -130.404
1665.93 -144.066
1666.13 -164.225
1679.08 -53.721
1679.28 -110.903
1679.48 -104.546
1679.68 -117.29
1679.88 -91.7625
1680.07 -91.7006
1680.27 -117.391
1680.47 -117.419
1680.67 -123.97
1680.87 -163.839
1681.07 -110.287
1681.27 -164.667
1681.47 -213.955
1681.67 -207.585
1681.87 -200.37
1682.07 -282.781
1682.27 -260.153
1682.46 -362.387
1682.66 -387.384
1682.86 -321.741
1683.06 -530.12
1683.26 -446.28
1683.46 -463.204
1683.66 -445.629
1683.86 -601.937
1684.06 -549.765
1684.26 -454.152
1684.46 -488.989
1684.66 -386.279
1684.85 -387.14
1685.05 -487.569
1685.25 -273.233
1685.45 -282.765
1685.65 -338.163
1685.85 -252.592
1686.05 -207.61
1686.25 -200.455
1686.45 -150.526
1686.65 -240.887
1686.85 -205.084
1687.05 -143.916
1687.24 -130.521
1687.44 -65.6215
1687.64 -110.939
1687.84 -104.546
1688.04 -53.9133
1688.24 -73.0116
1688.44 -104.518
1688.64 -123.328
1688.84 -91.9674
1724.69 -85.7766
1724.89 -73.7511
1725.09 -29.993
1725.29 -123.73
1725.49 -137.258
1725.68 -262.437
1725.88 -178.323
1726.08 -236.683
1726.28 -330.013
1726.48 -619.715
1726.68 -656.461
1726.88 -1151.15
1727.08 -1242.97
1727.28 -1942.35
1727.48 -2227.61
1727.68 -3119.35
1727.88 -3718.26
1728.07 -4076.5
1728.27 -5239.05
1728.47 -5752.56
1728.67 -6463.34
1728.87 -6678.2
1729.07 -7102.62
1729.27 -8126.21
1729.47 -9198.36
1729.67 -8681.86
1729.87 -7597.33
1730.07 -8152.37
1730.27 -7457.89
1730.46 -6797.19
1730.66 -6182.8
1730.86 -5314.16
1731.06 -4732.23
1731.26 -3707.01
1731.46 -2820.94
1731.66 -2617.07
1731.86 -1825.54
1732.06 -1560.99
1732.26 -1133.3
1732.46 -898.848
1732.66 -603.062
1732.85 -573.645
1733.05 -363.001
1733.25 -267.892
1733.45 -222.377
1733.65 -164.761
1733.85 -76.0373
1734.05 -137.24
1734.25 -110.893
1734.45 -98.0346
1759.54 -103.641
1759.74 -110.931
1759.94 -178.559
1760.14 -214.915
1760.34 -199.882
1760.54 -647.065
1760.74 -899.386
1760.94 -1446.69
1761.14 -1759.4
1761.34 -3062.95
1761.54 -4390.85
1761.73 -5549.95
1761.93 -7889.12
1762.13 -10211
1762.33 -13725.4
1762.53 -16915.8
1762.73 -22680.4
1762.93 -25746.4
1763.13 -31439.7
1763.33 -37581.6
1763.53 -42358.6
1763.73 -47081.6
1763.93 -49339.5
1764.12 -52347.7
1764.32 -55967.9
1764.52 -56348
1764.72 -55967
1764.92 -51922
1765.12 -48721.7
1765.32 -47143
1765.52 -40663.6
1765.72 -36192.4
1765.92 -31300.7
1766.12 -25068.9
1766.32 -21992.1
1766.51 -16069
1766.71 -13514.6
1766.91 -9847.72
1767.11 -8096.52
1767.31 -6026.44
1767.51 -3825.86
1767.71 -2765.23
1767.91 -2018.77
1768.11 -1344.32
1768.31 -880.257
1768.51 -647.237
1768.71 -404.321
1768.9 -260.069
1769.1 -178.357
1769.3 -129.688
1833.43 -108.193
1833.63 -73.8023
1833.83 -62.2767
1834.03 -44.8057
1834.23 -79.7435
1834.43 -62.0323
1834.63 -37.7328
1834.83 -128.758
1835.03 -98.2327
1835.23 -104.498
1835.43 -143.896
1835.63 -82.164
1835.82 -200.234
1836.02 -303.645
1836.22 -237.311
1836.42 -275.332
1836.62 -371.298
1836.82 -412.65
1837.02 -471.803
1837.22 -593.849
1837.42 -665.737
1837.62 -684.319
1837.82 -840.564
1838.02 -878.513
1838.21 -674.238
1838.41 -748.695
1838.61 -627.938
1838.81 -776.429
1839.01 -656.912
1839.21 -675.076
1839.41 -647.375
1839.61 -410.568
1839.81 -522.759
1840.01 -387.759
1840.21 -290.633
1840.41 -260.05
1840.6 -192.3
1840.8 -142.268
1841 -199.907
1841.2 -110.055
1841.4 -90.9707
1841.6 -136.654
1841.8 -66.7948
1842 -42.5517
1842.2 -98.0913
1842.4 -104.107
1842.6 -73.6993
1842.8 -85.8593
1842.99 -98.2233
1843.19 -149.205
1843.39 -117.387
1843.59 -150.906
1843.79 -250.625
1843.99 -169.509
1844.19 -275.072
1844.39 -655.753
1844.59 -576.34
1844.79 -758.001
1844.99 -1131.24
1845.19 -1303.86
1845.38 -1477.83
1845.58 -2052.1
1845.78 -2449.48
1845.98 -3004.99
1846.18 -2933.47
1846.38 -3374.04
1846.58 -4209.66
1846.78 -4940.29
1846.98 -4757.32
1847.18 -5375.39
1847.38 -4742.82
1847.58 -5586.72
1847.77 -4299.44
1847.97 -4880.27
1848.17 -4123.92
1848.37 -3897.24
1848.57 -3753.83
1848.77 -2785.78
1848.97 -2493.81
1849.17 -2557.3
1849.37 -1889.65
1849.57 -1457.62
1849.77 -1182.88
1849.97 -851.84
1850.16 -675.201
1850.36 -549.452
1850.56 -478.062
1850.76 -314.598
1850.96 -244.771
1851.16 -178.866
1851.36 -130.49
1851.56 -130.523
1851.76 -47.1632
1851.96 -85.7415
1852.16 -79.6986
1852.36 -91.9591
1868.29 -91.9958
1868.49 -122.732
1868.69 -110.477
1868.89 -48.7795
1869.09 -98.2038
1869.28 -67.0551
1869.48 -129.636
1869.68 -60.145
1869.88 -21.0237
1870.08 -117.421
1870.28 -157.166
1870.48 -266.114
1870.68 -123.125
1870.88 -150.45
1871.08 -236.878
1871.28 -229.963
1871.48 -260.234
1871.67 -314.661
1871.87 -266.944
1872.07 -411.893
1872.27 -437.275
1872.47 -471.155
1872.67 -463.155
1872.87 -412.352
1873.07 -429.244
1873.27 -505.859
1873.47 -386.916
1873.67 -370.423
1873.87 -454.407
1874.06 -264.131
1874.26 -363.126
1874.46 -290.936
1874.66 -369.261
1874.86 -237.33
1875.06 -229.959
1875.26 -171.374
1875.46 -235.615
1875.66 -123.184
1875.86 -110.214
1876.06 -157.128
1876.26 -78.3303
1876.45 -104.524
1876.65 -193.294
1876.85 -98.2324
1877.05 -116.922
1877.25 -73.407
1877.45 -79.6551
1877.65 -104.32
1877.85 -67.4089
1878.05 -73.5756
2113.65 -13.1286
2113.85 -24.6176
2114.05 -13.2118
2114.25 -43.111
2114.45 -12.0336
2114.65 -5.13732
2114.84 -23.5618
2115.04 -73.827
2115.24 -143.371
2115.44 -157.792
2115.64 -259.766
2115.84 -330.662
2116.04 -295.801
2116.24 -602.428
2116.44 -574.694
2116.64 -785.436
2116.84 -985.798
2117.04 -1283.72
2117.23 -1488.67
2117.43 -1803.57
2117.63 -1943.7
2117.83 -1769.89
2118.03 -2370.1
2118.23 -2415.28
2118.43 -2039.22
2118.63 -2437.8
2118.83 -2205.57
2119.03 -2369.8
2119.23 -1857.12
2119.42 -1729.52
2119.62 -1740
2119.82 -1539.97
2120.02 -1122.87
2120.22 -1054.3
2120.42 -898.923
2120.62 -720.545
2120.82 -462.87
2121.02 -354.73
2121.22 -267.772
2121.42 -207.757
2121.62 -137.225
2121.81 -66.5926
2122.01 -79.6591
2122.21 -40.6078
2122.41 -25.9714
2122.61 -4.3057
2122.81 -13.2423
2123.01 -2.49085
2123.21 -9.28085
2123.41 -14.8195
2199.08 -21.53
2199.28 -55.0252
2199.48 -45.891
2199.68 -38.9483
2199.88 -123.684
2200.08 -143.861
2200.28 -176.926
2200.48 -354.992
2200.68 -593.529
2200.87 -655.787
2201.07 -1270.63
2201.27 -1581.66
2201.47 -1846.74
2201.67 -2516.72
2201.87 -3621.6
2202.07 -4053.12
2202.27 -4966.81
2202.47 -5840.61
2202.67 -6835.46
2202.87 -7849.79
2203.07 -8948.39
2203.26 -10050.7
2203.46 -10362
2203.66 -12267.3
2203.86 -11677.4
2204.06 -12271.1
2204.26 -11484.4
2204.46 -11346.9
2204.66 -10225.6
2204.86 -9739.69
2205.06 -9081.99
2205.26 -7876.21
2205.45 -7068.23
2205.65 -5967.29
2205.85 -4942.13
2206.05 -3981.07
2206.25 -3411.66
2206.45 -2561.68
2206.65 -1943.98
2206.85 -1447.34
2207.05 -1083.79
2207.25 -739.494
2207.45 -419.565
2207.65 -314.64
2207.84 -185.338
2208.04 -110.156
2208.24 -85.8662
2208.44 -34.9108
2208.64 -35.5289
2208.84 -21.4019
2209.04 -16.5549
2288.49 -12.4263
2288.69 -2.88794
2288.89 -15.9022
2289.09 -12.7995
2289.29 4.51167
2289.49 -5.81109
2289.69 -1.55493
2289.89 -25.5821
2290.09 -3.74431
2290.29 -21.2119
2290.49 -40.687
2290.68 -67.59
2290.88 -62.259
2291.08 -91.9896
2291.28 -162.515
2291.48 -177.779
2291.68 -157.74
2291.88 -142.273
2292.08 -259.942
2292.28 -283.289
2292.48 -259.792
2292.68 -458.487
2292.87 -371.145
2293.07 -216.539
2293.27 -346.787
2293.47 -420.381
2293.67 -363.147
2293.87 -395.363
2294.07 -330.786
2294.27 -338.253
2294.47 -229.524
2294.67 -252.4
2294.87 -142.459
2295.07 -129.826
2295.26 -177.487
2295.46 -91.7804
2295.66 -67.7431
2295.86 -16.9597
2296.06 -14.1824
2296.26 -16.0787
2296.46 -30.4847
2296.66 -21.3162
2296.86 -9.49261
2297.06 -12.6299
2297.26 -20.5049
2297.45 -3.05243
2297.65 -2.86882
2297.85 -0.57178
2298.05 1.32956
2298.25 4.55932
2442.81 4.22363
2443.01 -2.76961
2443.21 2.65895
2443.41 -20.1697
2443.61 -8.80339
2443.81 -25.8534
2444.01 -78.7434
2444.21 -134.707
2444.41 -183.988
2444.6 -214.838
2444.8 -229.334
2445 -281.255
2445.2 -463.113
2445.4 -611.872
2445.6 -851.73
2445.8 -1103.01
2446 -1434.34
2446.2 -1395.73
2446.4 -1740.39
2446.6 -2116.19
2446.79 -2128.8
2446.99 -2426.77
2447.19 -2393.71
2447.39 -2584.2
2447.59 -2753.4
2447.79 -2392.39
2447.99 -2404.21
2448.19 -2427.22
2448.39 -2404.72
2448.59 -2183.55
2448.79 -1965.54
2448.98 -1528.85
2449.18 -1592.17
2449.38 -1434.87
2449.58 -946.848
2449.78 -653.578
2449.98 -684.276
2450.18 -540.945
2450.38 -264.265
2450.58 -166.929
2450.78 -135.086
2450.98 -123.843
2451.18 -98.1705
2451.37 -6.57291
2451.57 -40.5862
2451.77 -21.5311
2451.97 -16.7637
2452.17 -8.95648
2452.37 -2.84776
2452.57 -0.329689
