41.6356 -5026.62
41.8346 -4818.53
42.0336 -4769.56
42.2326 -4965.22
42.4316 -4463.8
42.6307 -4916.2
42.8297 -4390.47
43.0287 -4842.88
43.2277 -4940.88
43.4267 -5088.22
43.6258 -4880.32
43.8248 -5213.34
44.0238 -5239.35
44.2228 -5426.4
44.4218 -5967.21
44.6209 -7454.22
44.8199 -7902.67
45.0189 -9738.24
45.2179 -11140.6
45.4169 -12201.4
45.616 -14530.8
45.815 -17842.9
46.014 -18282.5
46.213 -20040.3
46.4121 -21472.9
46.6111 -20142.1
46.8101 -19922.3
47.0091 -18983.5
47.2081 -17628.4
47.4072 -15783.5
47.6062 -12842.4
47.8052 -11223.3
48.0042 -9309.23
48.2032 -8086.78
48.4023 -6241.8
48.6013 -5929.09
48.8003 -5051.25
48.9993 -4595.63
49.1984 -4241.97
49.3974 -4219.75
49.5964 -4245.09
49.7954 -3978.19
49.9944 -4294.16
50.1935 -4063.64
50.3925 -4160.63
50.5915 -3917.36
50.7905 -4208.52
50.9896 -4293.02
51.1886 -4671.66
51.3876 -4646.03
51.5866 -5239.47
51.7856 -5175.5
51.9847 -6334.33
52.1837 -5837.3
52.3827 -6951.88
52.5817 -7691.78
52.7808 -7876.14
52.9798 -8507.11
53.1788 -7981.46
53.3778 -8113.04
53.5768 -8125.47
53.7759 -7158.06
53.9749 -6861.28
54.1739 -6553.13
54.3729 -6106.72
54.572 -5212.27
54.771 -5202.14
54.97 -4707.76
55.169 -4647.22
55.3681 -4403.31
55.5671 -4366.98
55.7661 -3786.65
55.9651 -4257.89
56.1641 -4390.2
56.3632 -4173.4
56.5622 -4053.13
56.7612 -4161.29
56.9602 -4053.15
57.1593 -4665.57
57.3583 -4449.3
57.5573 -4449.19
57.7563 -4449.08
57.9554 -4377
58.1544 -4233
181.358 -11511.9
181.557 -11318.8
181.756 -11967
181.955 -11098.4
182.154 -11374.2
182.353 -11897.9
182.552 -11470.7
182.751 -11236.4
182.951 -11636.1
183.15 -11249.9
183.349 -11912.1
183.548 -12078.2
183.747 -12272.5
183.946 -13427.8
184.145 -13402.8
184.344 -14698.9
184.543 -15042.3
184.742 -16386.8
184.941 -16918
185.14 -18455.8
185.339 -20926
185.538 -23605.1
185.737 -24104.3
185.936 -24601.8
186.135 -25492.9
186.334 -24239
186.533 -24315.5
186.732 -22859.5
186.932 -20566.6
187.131 -19347.2
187.33 -20136.2
187.529 -17771.9
187.728 -15441.3
187.927 -14347.1
188.126 -13473.1
188.325 -12466.9
188.524 -11898.4
188.723 -11070.8
188.922 -11415.7
189.121 -11744.5
189.32 -11264.2
189.519 -11017.6
189.718 -11058.6
189.917 -10593.7
190.116 -10853.4
190.315 -10839.8
190.514 -10416.4
190.713 -10675.9
190.913 -10484.8
191.112 -10607.7
237.093 -6157.49
237.292 -6043
237.492 -6170.23
237.691 -6284.68
237.89 -6004.96
238.089 -5954.13
238.288 -5826.97
238.487 -6602.68
238.686 -6221.11
238.885 -6527.13
239.084 -7116.2
239.283 -6771.44
239.482 -7638.55
239.681 -7457.13
239.88 -8323.63
240.079 -9861.35
240.278 -10934.8
240.477 -12842.6
240.677 -14242.6
240.876 -17643.1
241.075 -20836.9
241.274 -22859.9
241.473 -25160.5
241.672 -26966.7
241.871 -27546.5
242.07 -28891.8
242.269 -27180.1
242.468 -25523.6
242.667 -23234
242.866 -21355.3
243.065 -18078.8
243.264 -14782.3
243.463 -13711.9
243.662 -11787.5
243.862 -10226.1
244.061 -8735.19
244.26 -8032.86
244.459 -7468.54
244.658 -6207.59
244.857 -6348.2
245.056 -6005.25
245.255 -5550.71
245.454 -6520.86
245.653 -5425.6
245.852 -5652.02
246.051 -5312.88
246.25 -5501.35
246.449 -5677.1
246.648 -5087.4
246.847 -5626.87
254.014 -4818.95
254.213 -4904.9
254.412 -4843.47
254.611 -4855.71
254.81 -4880.21
255.009 -4745.26
255.208 -4561.33
255.407 -4782.02
255.606 -4255
255.805 -4181.52
256.004 -5198.68
256.203 -4451.04
256.402 -5015.1
256.601 -4953.97
256.801 -4536.19
257 -4855.87
257.199 -4806.3
257.398 -5350.62
257.597 -5189.75
257.796 -5189.45
257.995 -5651.69
258.194 -5237.77
258.393 -6142.75
258.592 -5487.95
258.791 -5765.23
258.99 -5866.1
259.189 -5664.54
259.388 -5551.56
259.587 -5751.83
259.787 -5351.57
259.986 -4842.12
260.185 -4954.44
260.384 -5619.39
260.583 -4671.64
260.782 -4977.52
260.981 -4256.64
261.18 -4196.28
261.379 -4366.91
261.578 -4585.56
261.777 -4100.07
261.976 -4585.21
262.175 -4318.49
262.374 -4306.38
262.573 -4233.75
262.772 -4136.96
262.972 -4439.42
263.171 -4669.1
263.37 -4125.02
263.569 -4257.98
263.768 -3968.09
269.939 -4315.26
270.138 -3336.58
270.337 -4219.58
270.536 -3694.68
270.735 -3790.12
270.934 -3945.11
271.133 -3802.07
271.332 -3671
271.531 -4195.24
271.73 -3325.56
271.93 -4016.53
272.129 -3325.4
272.328 -3837.82
272.527 -3980.99
272.726 -3957.21
272.925 -3837.56
273.124 -4185.08
273.323 -4149.33
273.522 -4282.04
273.721 -4705.73
273.92 -4488.37
274.119 -4634.62
274.318 -4476.28
274.517 -4402.8
274.716 -5014.05
274.916 -4243.87
275.115 -4598.3
275.314 -4476.36
275.513 -4318.43
275.712 -4499.85
275.911 -4197.54
276.11 -3453.46
276.309 -3479.4
276.508 -3992.5
276.707 -3256.31
276.906 -3671.48
277.105 -3683.16
277.304 -3494.41
277.503 -3588.63
277.702 -3400.34
277.902 -3670.88
278.101 -3376.86
278.3 -3812
278.499 -3670.9
278.698 -3659.16
278.897 -3835.67
279.096 -3435.62
279.295 -3482.69
279.494 -3776.86
279.693 -3741.54
279.892 -3706.21
280.091 -3506.22
280.29 -3118.19
280.489 -3412.17
280.688 -3365.18
280.888 -3318.22
281.087 -3353.5
281.286 -3517.91
281.485 -3576.58
281.684 -3658.68
281.883 -3529.57
282.082 -3447.45
282.281 -2790.92
290.244 -3132.63
290.443 -3283.08
290.642 -3213.63
290.841 -3202.05
291.04 -3016.91
291.239 -3190.53
291.438 -3260.15
291.637 -3074.36
291.836 -3085.12
292.035 -3776.95
292.234 -3802.07
292.434 -4379.11
292.633 -5102.84
292.832 -6616.8
293.031 -8047.11
293.23 -10334.9
293.429 -13302.8
293.628 -17700.6
293.827 -23084.3
294.026 -27941.7
294.225 -34181.2
294.424 -41765.8
294.623 -48248.5
294.822 -53018.6
295.021 -53908.5
295.221 -54170.6
295.42 -54402.4
295.619 -50858.3
295.818 -47632.8
296.017 -41797.9
296.216 -35688.7
296.415 -29693.6
296.614 -23548.7
296.813 -18734.1
297.012 -13627.2
297.211 -10607.7
297.41 -8218.53
297.609 -6310.28
297.808 -5028.62
298.008 -3980.28
298.207 -3185.87
298.406 -3318.68
298.605 -3028.42
298.804 -3235.9
299.003 -3200.59
299.202 -3005.35
299.401 -2856.51
299.6 -2845.09
299.799 -3039.29
299.998 -2936.45
300.197 -2605.38
346.98 -1571.87
347.179 -1382.97
347.378 -1718.8
347.577 -1414.46
347.776 -1561.33
347.975 -1613.79
348.175 -1814.68
348.374 -1954.21
348.573 -2117.68
348.772 -2371.49
348.971 -3224.65
349.17 -4029.14
349.369 -5903.08
349.568 -8625.78
349.767 -11443.2
349.966 -15597.3
350.165 -22307.5
350.364 -30990.6
350.564 -39198.5
350.763 -49911.5
350.962 -60979.5
351.161 -72163.2
351.36 -82377.6
351.559 -90186.8
351.758 -92985.4
351.957 -92302.3
352.156 -94048.1
352.355 -87968.3
352.554 -78226.6
352.753 -69539
352.953 -58849.9
353.152 -46676.3
353.351 -37012.7
353.55 -28219.5
353.749 -20453.1
353.948 -14602
354.147 -10512
354.346 -8014
354.545 -4929.79
354.744 -3612.26
354.943 -2606.72
355.142 -2248.73
355.341 -1761.79
355.541 -1384.19
355.74 -1529.83
355.939 -1385.65
356.138 -1365.14
356.337 -1232.89
356.536 -1222.87
356.735 -1182.43
381.82 -984.427
382.019 -1173.09
382.218 -1044.01
382.417 -1272.39
382.616 -1212.81
382.815 -1331.97
383.014 -1034.07
383.213 -1103.58
383.412 -1153.24
383.611 -1143.31
383.81 -1063.77
384.01 -1173.15
384.209 -963.978
384.408 -1213.1
384.607 -1243.18
384.806 -1183.12
385.005 -1515.24
385.204 -1293.89
385.403 -1192.24
385.602 -1324.3
385.801 -1416.45
386 -1478.34
386.199 -1634.11
386.399 -1613.71
386.598 -1571.95
386.797 -1613.85
386.996 -1708.65
387.195 -1624.15
387.394 -1740.52
387.593 -1644.96
387.792 -1687.29
387.991 -1623.11
388.19 -1750.99
388.389 -1922.06
388.589 -2136.14
388.788 -1622.57
388.987 -1676.31
389.186 -1878.84
389.385 -1729.92
389.584 -1645.4
389.783 -1906.7
389.982 -1457.54
390.181 -1344.28
390.38 -1385.64
390.579 -1253.23
390.778 -1213.03
390.978 -1012.1
391.177 -1243.25
391.376 -1193.16
391.575 -1043.63
391.774 -1163.2
391.973 -1222.83
392.172 -1133.37
392.371 -1043.99
392.57 -1044.02
392.769 -1103.59
392.968 -1302.12
393.168 -1202.86
393.367 -1034.12
393.566 -1133.37
393.765 -1282.26
449.909 -522.738
450.108 -576.299
450.307 -594.145
450.506 -683.314
450.705 -496.093
450.904 -513.942
451.103 -594.148
451.302 -585.239
451.502 -638.694
451.701 -620.883
451.9 -487.14
452.099 -629.848
452.298 -629.892
452.497 -558.225
452.696 -620.971
452.895 -675.104
453.094 -693.376
453.293 -839.623
453.492 -785.374
453.692 -758.001
453.891 -683.52
454.09 -804.706
454.289 -767.062
454.488 -1002.84
454.687 -823.483
454.886 -747.878
455.085 -738.62
455.284 -945.675
455.483 -767.285
455.683 -665.114
455.882 -674.89
456.081 -775.934
456.28 -575.191
456.479 -657.04
456.678 -603.018
456.877 -540.532
457.076 -656.42
457.275 -673.917
457.474 -629.442
457.674 -549.868
457.873 -585.152
458.072 -408.956
458.271 -576.306
458.47 -497.099
458.669 -602.693
458.868 -664.316
459.067 -523.471
459.266 -664.525
459.465 -611.71
459.665 -470.028
459.864 -665.331
460.063 -764.063
460.262 -638.967
460.461 -702.397
460.66 -857.998
460.859 -693.389
461.058 -739.456
461.257 -748.557
461.456 -767.035
461.655 -832.934
461.855 -776.017
462.054 -1079.46
462.253 -918.128
462.452 -814.078
462.651 -832.855
462.85 -739.389
463.049 -702.54
463.248 -546.989
463.447 -602.612
463.646 -495.009
463.846 -603.067
464.045 -461.119
464.244 -646.859
464.443 -435.813
464.642 -549.862
464.841 -445.145
465.04 -549.762
465.239 -488.865
465.438 -445.471
465.637 -679.817
465.837 -367.516
466.036 -532.273
466.235 -514.935
466.434 -636.168
466.633 -540.896
466.832 -454.354
475.592 -583.668
475.792 -334.178
475.991 -583.562
476.19 -506.181
476.389 -437.467
476.588 -557.665
476.787 -480.407
476.986 -386.025
477.185 -411.757
477.384 -514.75
477.583 -566.359
477.783 -600.959
477.982 -558.085
478.181 -645.041
478.38 -575.971
478.579 -470.872
478.778 -558.671
478.977 -531.614
479.176 -422.574
479.375 -666.134
479.574 -739.378
479.774 -804.258
479.973 -758.025
480.172 -832.701
480.371 -870.202
480.57 -851.436
480.769 -767.328
480.968 -730.216
481.167 -684.231
481.366 -757.289
481.565 -557.749
481.765 -603.068
481.964 -523.352
482.163 -462.397
482.362 -592.951
482.561 -489.001
482.76 -403.471
482.959 -344.249
483.158 -412.423
483.357 -294.23
483.556 -395.682
483.756 -522.126
483.955 -598.002
484.154 -294.382
484.353 -446.306
484.552 -429.302
484.751 -386.374
484.95 -532.077
485.149 -593.267
485.348 -541.085
485.548 -665.56
485.747 -657.062
485.946 -785.33
486.145 -702.139
486.344 -1012.05
486.543 -823.216
486.742 -976.14
486.941 -889.612
487.14 -870.236
487.339 -918.536
487.539 -784.444
487.738 -1032.39
487.937 -776.503
488.136 -767.309
488.335 -739.207
488.534 -665.97
488.733 -461.191
488.932 -497.459
489.131 -428.741
489.33 -386.734
489.53 -454.695
489.729 -412.669
489.928 -429.259
490.127 -379.489
490.326 -288.827
490.525 -297.273
490.724 -420.581
490.923 -428.721
491.122 -404.087
491.321 -387.689
491.521 -404.027
491.72 -363.146
491.919 -469.284
492.118 -403.94
575.146 -131.618
575.345 -237.448
575.545 -282.806
575.744 -245.008
575.943 -176.958
576.142 -297.949
576.341 -305.538
576.54 -260.152
576.739 -260.168
576.938 -290.57
577.137 -222.134
577.337 -137.859
577.536 -344.847
577.735 -306.65
577.934 -236.376
578.133 -354.49
578.332 -346.879
578.531 -289.652
578.73 -462.427
578.93 -539.057
579.129 -608.834
579.328 -506.266
579.527 -541.122
579.726 -461.335
579.925 -620.831
580.124 -522.845
580.323 -522.95
580.522 -656.084
580.722 -699.25
580.921 -480.188
581.12 -326.083
581.319 -480.068
581.518 -362.811
581.717 -281.497
581.916 -314.741
582.115 -401.829
582.314 -252.189
582.514 -229.351
582.713 -206.738
582.912 -328.487
583.111 -290.321
583.31 -132.063
583.509 -237.463
583.708 -275.007
583.907 -237.461
584.107 -252.486
584.306 -207.394
584.505 -252.51
584.704 -267.582
584.903 -358.036
585.102 -162.047
585.301 -252.549
585.5 -207.259
585.699 -335.627
585.899 -207.238
586.098 -252.562
586.297 -290.344
586.496 -229.894
586.695 -192.108
586.894 -222.335
587.093 -252.565
587.292 -192.105
587.492 -192.105
587.691 -335.698
587.89 -192.105
588.089 -252.565
604.416 -222.379
604.616 -156.345
604.815 -244.715
605.014 -184.917
605.213 -306.314
605.412 -354.63
605.611 -362.536
605.81 -540.842
606.009 -1042.11
606.209 -1242.53
606.408 -2150.71
606.607 -3423.95
606.806 -5935.4
607.005 -7850.18
607.204 -11333.1
607.403 -16070.9
607.602 -21830.8
607.802 -29755.5
608.001 -38024.1
608.2 -44767.8
608.399 -55918.4
608.598 -61242.9
608.797 -69538.6
608.996 -75529.7
609.195 -79527.9
609.394 -80247.3
609.594 -76245.8
609.793 -74146.9
609.992 -64136.9
610.191 -58350.9
610.39 -47226.3
610.589 -40041.5
610.788 -29922.4
610.987 -23774.1
611.187 -17614.3
611.386 -11951.8
611.585 -8894.84
611.784 -5777.81
611.983 -3873.54
612.182 -2349
612.381 -1571.98
612.58 -1025.04
612.78 -611.498
612.979 -557.545
613.178 -330.502
613.377 -314.798
613.576 -275.611
613.775 -214.634
613.974 -229.926
614.173 -267.493
656.786 -178.874
656.985 -150.466
657.184 -150.484
657.383 -157.593
657.582 -129.251
657.781 -200.121
657.98 -178.866
658.179 -108.096
658.379 -185.937
658.578 -150.572
658.777 -249.581
658.976 -143.494
659.175 -242.563
659.374 -200.122
659.573 -221.44
659.772 -228.632
659.972 -193.123
660.171 -178.864
660.37 -178.846
660.569 -200.389
660.768 -207.633
660.967 -236.614
661.166 -280.243
661.365 -287.704
661.565 -215.028
661.764 -171.233
661.963 -185.773
662.162 -126.712
662.361 -177.947
662.56 -214.897
662.759 -175.999
662.958 -236.318
663.158 -306.564
663.357 -270.997
663.556 -601.124
663.755 -549.497
663.954 -748.712
664.153 -870.832
664.352 -839.363
664.552 -1053.18
664.751 -1446.6
664.95 -1426.69
665.149 -1738.73
665.348 -1634.79
665.547 -1498.66
665.746 -1509.41
665.945 -1540.25
666.145 -1354.91
666.344 -1143.23
666.543 -1064.07
666.742 -823.387
666.941 -941.599
667.14 -620.747
667.339 -411.99
667.538 -404.214
667.738 -291.068
667.937 -221.962
668.136 -200.246
668.335 -185.972
668.534 -200.144
668.733 -150.797
668.932 -116.326
669.131 -205.814
669.331 -212.37
669.53 -75.9872
669.729 -157.658
669.928 -144.069
670.127 -184.712
670.326 -103.459
698.204 -264.642
698.403 -164.564
698.602 -186.011
698.802 -207.463
699.001 -193.165
699.2 -207.485
699.399 -143.023
699.598 -121.418
699.797 -229.182
699.996 -142.634
700.196 -185.923
700.395 -156.483
700.594 -237.313
700.793 -267.469
700.992 -336.462
701.191 -267.864
701.39 -235.634
701.589 -306.477
701.789 -305.238
701.988 -471.492
702.187 -557.426
702.386 -532.315
702.585 -444.485
702.784 -629.508
702.983 -549.675
703.182 -558.553
703.382 -638.457
703.581 -523.475
703.78 -488.79
703.979 -531.972
704.178 -429.396
704.377 -354.55
704.576 -395.666
704.776 -386.53
704.975 -369.257
705.174 -244.915
705.373 -275.127
705.572 -140.813
705.771 -244.472
705.97 -244.134
706.169 -142.574
706.369 -186.003
706.568 -186.012
706.767 -171.683
706.966 -214.639
707.165 -128.801
707.364 -128.825
707.563 -228.888
707.762 -228.881
707.962 -171.719
714.931 -185.614
715.13 -129.985
715.329 -192.586
715.529 -157.801
715.728 -129.946
715.927 -164.765
716.126 -164.767
716.325 -150.792
716.524 -129.736
716.723 -206.953
716.923 -171.79
717.122 -164.628
717.321 -200.392
717.52 -193.175
717.719 -207.719
717.918 -342.712
718.117 -260.235
718.316 -259.948
718.516 -290.934
718.715 -371.252
718.914 -486.885
719.113 -446.181
719.312 -369.971
719.511 -514.607
719.71 -506.189
719.91 -463.185
720.109 -488.991
720.308 -463.3
720.507 -412.502
720.706 -437.698
720.905 -437.03
721.104 -322.688
721.303 -219.789
721.503 -205.7
721.702 -244.975
721.901 -229.962
722.1 -192.989
722.299 -244.118
722.498 -121.205
722.697 -221.715
722.897 -185.973
723.096 -129.369
723.295 -157.691
723.494 -129.557
723.693 -192.885
723.892 -178.816
724.091 -235.029
724.29 -199.894
724.49 -171.787
724.689 -164.759
758.143 -219.237
758.343 -164.566
758.542 -144.064
758.741 -150.898
758.94 -144.064
759.139 -164.567
759.338 -109.892
759.537 -116.727
759.737 -178.236
759.936 -144.064
760.135 -157.732
760.334 -96.2289
760.533 -137.232
760.732 -130.4
760.931 -178.222
761.131 -171.386
761.33 -137.238
761.529 -164.547
761.728 -171.367
761.927 -164.536
762.126 -144.069
762.325 -171.343
762.524 -123.621
762.724 -116.809
762.923 -157.701
763.122 -164.517
763.321 -103.163
763.52 -191.826
763.719 -191.881
763.918 -130.367
764.118 -164.647
764.317 -123.251
764.516 -67.1015
764.715 -136.398
764.914 -185.979
765.113 -319.228
765.312 -190.732
765.512 -298.531
765.711 -446.305
765.91 -611.938
766.109 -645.684
766.308 -936.691
766.507 -1313.86
766.706 -1985.87
766.905 -2139.08
767.105 -2434.64
767.304 -3657.91
767.503 -3419.49
767.702 -4439.85
767.901 -5114.11
768.1 -5152.48
768.299 -5413.58
768.499 -4903.97
768.698 -5251.13
768.897 -4304.35
769.096 -4487.42
769.295 -3410.63
769.494 -3248.51
769.693 -2956.18
769.893 -2248.78
770.092 -1813.63
770.291 -1354.32
770.49 -1178.7
770.689 -656.761
770.888 -392.716
771.087 -304.667
771.287 -267.279
771.486 -214.544
771.685 -134.137
771.884 -157.308
772.083 -207.033
772.282 -206.547
772.481 -137.069
772.681 -178.427
772.88 -205.806
773.079 -171.463
773.278 -171.446
781.044 -171.784
781.243 -227.927
781.443 -136.701
781.642 -164.765
781.841 -171.784
782.04 -178.819
782.239 -157.689
782.438 -150.521
782.637 -193.152
782.837 -157.068
783.036 -215.1
783.235 -282.476
783.434 -275.613
783.633 -243.469
783.832 -322.169
784.031 -531.012
784.231 -479.838
784.43 -548.641
784.629 -850.984
784.828 -908.943
785.027 -1054.24
785.226 -1103.64
785.425 -1293.46
785.625 -1304
785.824 -1060.45
786.023 -1446.03
786.222 -1414.83
786.421 -1203.14
786.62 -965.83
786.819 -783.29
787.019 -880.105
787.218 -620.049
787.417 -594.146
787.616 -575.059
787.815 -396.028
788.014 -378.913
788.213 -244.642
788.413 -192.404
788.612 -258.917
788.811 -228.905
789.01 -150.704
789.209 -116.166
789.408 -178.422
789.607 -96.2019
789.807 -246.211
790.006 -171.232
790.205 -123.736
790.404 -69.6264
790.603 -96.7458
790.802 -130.549
791.001 -157.538
791.2 -170.999
801.357 -192.694
801.556 -185.713
801.755 -171.753
801.954 -185.738
802.153 -192.774
802.352 -115.608
802.552 -150.622
802.751 -207.321
802.95 -207.588
803.149 -207.755
803.348 -132.897
803.547 -191.242
803.746 -235.779
803.946 -428.575
804.145 -361.543
804.344 -593.822
804.543 -738.867
804.742 -992.412
804.941 -725.32
805.14 -1123.45
805.34 -1253.45
805.539 -1632.15
805.738 -1499.06
805.937 -1781.44
806.136 -1781.98
806.335 -1540.41
806.534 -1603.27
806.734 -1333.73
806.933 -1222.58
807.132 -903.478
807.331 -888.41
807.53 -918.327
807.729 -776.303
807.928 -683.207
808.128 -394.476
808.327 -462.307
808.526 -322.808
808.725 -298.82
808.924 -237.459
809.123 -244.352
809.322 -207.543
809.522 -193.007
809.721 -171.768
809.92 -157.805
810.119 -157.805
810.318 -130.214
810.517 -144.023
810.716 -199.021
810.915 -137.172
811.115 -96.0021
834.215 -207.082
834.414 -178.85
834.614 -171.792
834.813 -87.0631
835.012 -221.242
835.211 -214.215
835.41 -221.358
835.609 -193.071
835.808 -200.249
836.008 -193.177
836.207 -178.771
836.406 -142.122
836.605 -200.338
836.804 -162.441
837.003 -298.423
837.202 -275.606
837.402 -290.976
837.601 -338.757
837.8 -412.621
837.999 -513.904
838.198 -480.405
838.397 -453.982
838.596 -576.295
838.796 -576.377
838.995 -505.254
839.194 -594.135
839.393 -629.453
839.592 -532.343
839.791 -532.303
839.991 -437.619
840.19 -437.839
840.389 -404.262
840.588 -403.467
840.787 -370.206
840.986 -213.671
841.185 -381.698
841.385 -170.275
841.584 -193.056
841.783 -77.0709
841.982 -221.949
842.181 -207.413
842.38 -129.18
842.579 -136.421
842.779 -164.736
842.978 -185.883
843.177 -171.791
843.376 -164.756
843.575 -242.099
843.774 -199.905
843.973 -143.676
855.723 -213.685
855.922 -150.781
856.121 -171.77
856.32 -164.768
856.52 -108.663
856.719 -157.745
856.918 -157.736
857.117 -171.788
857.316 -171.79
857.515 -115.466
857.715 -312.692
857.914 -115.403
858.113 -122.432
858.312 -235.274
858.511 -185.901
858.71 -143.576
858.909 -178.846
859.109 -150.639
859.308 -199.987
859.507 -94.2854
859.706 -185.88
859.905 -129.536
860.104 -235.178
860.303 -171.792
860.503 -164.743
860.702 -157.68
860.901 -157.661
861.1 -207.168
861.299 -157.605
861.498 -164.669
861.697 -157.525
861.897 -221.655
862.096 -207.443
862.295 -193.171
862.494 -193.183
862.693 -221.919
862.892 -207.583
863.091 -164.4
863.291 -258.09
863.49 -236.509
863.689 -272.671
863.888 -157.055
864.087 -135.312
864.286 -171.475
864.486 -142.461
864.685 -207.707
864.884 -113.335
865.083 -171.393
865.282 -236.812
865.481 -229.563
929.209 -192.554
929.409 -109.101
929.608 -171.733
929.807 -129.834
930.006 -115.654
930.205 -157.67
930.404 -243.034
930.603 -164.291
930.803 -193.003
931.002 -260.117
931.201 -275.608
931.4 -395.336
931.599 -454.598
931.798 -785.758
931.998 -584.274
932.197 -908.565
932.396 -1152.41
932.595 -1263.54
932.794 -1915.62
932.993 -1665.66
933.192 -2226.67
933.392 -2161.07
933.591 -2035.12
933.79 -2572.89
933.989 -2765.15
934.188 -2516.08
934.387 -2922.14
934.587 -2460.75
934.786 -2183.57
934.985 -1943.93
935.184 -1719.33
935.383 -1220.13
935.582 -1203.19
935.781 -1063.7
935.981 -795.335
936.18 -522.014
936.379 -480.33
936.578 -404.337
936.777 -218.638
936.976 -376.419
937.176 -177.13
937.375 -207.732
937.574 -171.418
937.773 -171.66
937.972 -200.24
938.171 -193.047
938.37 -228.336
938.57 -207.077
938.769 -157.69
938.968 -143.596
959.083 -130.348
959.282 -198.858
959.481 -164.602
959.68 -157.751
959.879 -239.917
960.078 -102.966
960.278 -75.5348
960.477 -185.2
960.676 -95.944
960.875 -109.572
961.074 -226.962
961.273 -88.2669
961.472 -150.76
961.672 -150.581
961.871 -186.011
962.07 -236.665
962.269 -244.501
962.468 -297.137
962.667 -298.079
962.867 -160.141
963.066 -181.894
963.265 -346.454
963.464 -346.767
963.663 -435.399
963.862 -290.315
964.061 -282.121
964.261 -354.994
964.46 -322.739
964.659 -338.789
964.858 -235.742
965.057 -330.257
965.256 -321.812
965.456 -252.587
965.655 -274.701
965.854 -215.093
966.053 -185.986
966.252 -157.516
966.451 -157.728
966.65 -199.535
966.85 -150.901
967.049 -130.358
967.248 -123.63
967.447 -205.161
967.646 -89.9102
967.845 -83.2531
968.045 -191.272
968.244 -170.999
968.443 -103.633
968.642 -211.33
968.841 -137.303
969.04 -70.0722
1047.11 -98.2085
1047.31 -116.829
1047.51 -110.626
1047.71 -79.5803
1047.91 -129.288
1048.11 -98.2186
1048.31 -67.0679
1048.5 -73.2446
1048.7 -60.6251
1048.9 -104.527
1049.1 -85.5247
1049.3 -123.721
1049.5 -65.6962
1049.7 -65.0401
1049.9 -183.755
1050.1 -157.561
1050.3 -150.907
1050.5 -101.839
1050.7 -185.987
1050.89 -265.467
1051.09 -310.352
1051.29 -215.097
1051.49 -267.371
1051.69 -177.252
1051.89 -252.551
1052.09 -229.915
1052.29 -260.008
1052.49 -200.109
1052.69 -185.548
1052.89 -142.062
1053.09 -186.007
1053.28 -150.557
1053.48 -157.802
1053.68 -150.899
1053.88 -150.742
1054.08 -90.8993
1054.28 -156.548
1054.48 -123.828
1054.68 -155.568
1054.88 -123.525
1055.08 -110.81
1055.28 -110.756
1055.48 -135.682
1055.67 -104.452
1055.87 -116.879
1056.07 -73.3562
1056.27 -85.7901
1056.47 -60.957
1056.67 -73.379
1056.87 -60.9673
1065.04 -79.7018
1065.23 -122.76
1065.43 -79.6917
1065.63 -110.481
1065.83 -85.8396
1066.03 -92.0053
1066.23 -110.552
1066.43 -104.398
1066.63 -73.3493
1066.83 -48.2741
1067.03 -129.64
1067.23 -79.2221
1067.43 -85.3639
1067.62 -98.0046
1067.82 -150.189
1068.02 -97.3211
1068.22 -164.361
1068.42 -192.195
1068.62 -164.769
1068.82 -164.656
1069.02 -207.631
1069.22 -207.751
1069.42 -178.244
1069.62 -155.686
1069.82 -244.87
1070.01 -244.885
1070.21 -229.954
1070.41 -200.294
1070.61 -156.349
1070.81 -273.101
1071.01 -229.037
1071.21 -150.594
1071.41 -136.937
1071.61 -178.276
1071.81 -117.098
1072.01 -177.042
1072.21 -110.87
1072.4 -123.876
1072.6 -136.566
1072.8 -123.62
1073 -47.654
1073.2 -110.817
1073.4 -79.4078
1073.6 -135.808
1073.8 -79.466
1074 -104.481
1074.2 -48.2383
1074.4 -54.49
1074.6 -116.977
1074.79 -129.482
1115.42 -54.728
1115.62 -135.765
1115.82 -117.203
1116.02 -123.845
1116.22 -117.327
1116.42 -95.7298
1116.62 -236.66
1116.82 -221.882
1117.02 -330.49
1117.22 -567.169
1117.42 -887.776
1117.61 -1103.58
1117.81 -1478.29
1118.01 -2041.4
1118.21 -2913.63
1118.41 -3623.81
1118.61 -4978.93
1118.81 -6106.7
1119.01 -7822.32
1119.21 -8855.06
1119.41 -10470.5
1119.61 -10907.4
1119.81 -12217
1120 -12787.3
1120.2 -13178.7
1120.4 -13374.9
1120.6 -12536
1120.8 -12064.5
1121 -10811.8
1121.2 -10510.3
1121.4 -8549.35
1121.6 -7171.84
1121.8 -6030.52
1122 -4782.06
1122.2 -3150.55
1122.39 -2924.53
1122.59 -1976.3
1122.79 -1395.68
1122.99 -1142.32
1123.19 -739.428
1123.39 -558.021
1123.59 -217.635
1123.79 -260.158
1123.99 -214.544
1124.19 -123.741
1124.39 -123.92
1124.59 -85.6198
1124.78 -73.4937
1124.98 -104.125
1125.18 -91.8844
1128.77 -92.0042
1128.97 -73.4157
1129.17 -79.6177
1129.37 -116.773
1129.56 -79.6229
1129.76 -79.6202
1129.96 -135.38
1130.16 -98.2075
1130.36 -110.652
1130.56 -110.701
1130.76 -91.9664
1130.96 -91.9211
1131.16 -110.902
1131.36 -123.777
1131.56 -104.433
1131.76 -117.397
1131.95 -97.2548
1132.15 -157.597
1132.35 -102.849
1132.55 -109.082
1132.75 -164.746
1132.95 -129.031
1133.15 -171.654
1133.35 -207.646
1133.55 -214.923
1133.75 -214.921
1133.95 -222.073
1134.15 -221.881
1134.34 -178.874
1134.54 -150.688
1134.74 -192.52
1134.94 -171.429
1135.14 -170.987
1135.34 -137.226
1135.54 -97.8352
1135.74 -91.6448
1135.94 -79.1561
1136.14 -85.6854
1136.34 -110.637
1136.54 -122.813
1136.73 -91.9865
1136.93 -91.9619
1137.13 -79.7988
1137.33 -79.811
1137.53 -61.7021
1137.73 -152.166
1137.93 -79.825
1138.13 -67.7982
1138.33 -55.7933
1138.53 -55.8141
1150.28 -79.8141
1150.48 -85.8617
1150.68 -55.5853
1150.88 -104.072
1151.07 -73.6909
1151.27 -98.1119
1151.47 -92.0058
1151.67 -98.2315
1151.87 -123.647
1152.07 -84.8466
1152.27 -130.593
1152.47 -171.669
1152.67 -272.333
1152.87 -110.231
1153.07 -353.498
1153.27 -346.905
1153.46 -454.643
1153.66 -601.9
1153.86 -513.404
1154.06 -693.419
1154.26 -804.689
1154.46 -956.919
1154.66 -1170.77
1154.86 -1162.36
1155.06 -866.897
1155.26 -1153.03
1155.46 -995.322
1155.66 -1044.6
1155.85 -937.764
1156.05 -908.85
1156.25 -664.881
1156.45 -720.669
1156.65 -532.199
1156.85 -463.29
1157.05 -379.516
1157.25 -298.979
1157.45 -260.22
1157.65 -178.492
1157.85 -157.726
1158.05 -211.826
1158.24 -97.7362
1158.44 -98.1632
1158.64 -116.953
1158.84 -116.55
1159.04 -85.8669
1159.24 -37.7277
1159.44 -79.8286
1159.64 -79.8235
1159.84 -61.9896
1160.04 -85.7451
1168.4 -96.8336
1168.6 -62.2923
1168.8 -96.8602
1169 -56.5226
1169.2 -62.2841
1169.4 -56.5065
1169.6 -62.2739
1169.8 -120.141
1170 -21.6662
1170.19 -15.7387
1170.39 -91.3638
1170.59 -56.3224
1170.79 -62.1244
1170.99 -79.8015
1171.19 -73.8666
1171.39 -85.8308
1171.59 -73.7593
1171.79 -67.5574
1171.99 -85.8458
1172.19 -110.624
1172.39 -135.754
1172.58 -135.993
1172.78 -79.2399
1172.98 -66.4671
1173.18 -91.8336
1173.38 -104.547
1173.58 -136.254
1173.78 -110.856
1173.98 -85.662
1174.18 -60.7621
1174.38 -54.8107
1174.58 -55.0963
1174.78 -110.277
1174.97 -122.196
1175.17 -170.009
1175.37 -109.697
1175.57 -50.1108
1175.77 -97.5432
1175.97 -38.529
1176.17 -68.0108
1176.37 -73.8861
1176.57 -79.7419
1176.77 -73.8825
1176.97 -56.3319
1177.17 -44.6382
1177.36 -103.123
1177.56 -50.4852
1177.76 -85.5818
1177.96 -73.8821
1178.16 -62.1763
1202.86 -56.5502
1203.06 -27.8013
1203.26 -56.5465
1203.46 -79.5623
1203.66 -50.7602
1203.85 -73.8309
1204.05 -50.6552
1204.25 -79.7035
1204.45 -38.6316
1204.65 -73.8771
1204.85 -194.194
1205.05 -98.1078
1205.25 -116.965
1205.45 -130.094
1205.65 -123.962
1205.85 -137.301
1206.05 -212.932
1206.24 -101.144
1206.44 -207.665
1206.64 -200.353
1206.84 -229.952
1207.04 -145.973
1207.24 -275.61
1207.44 -260.139
1207.64 -314.472
1207.84 -376.501
1208.04 -229.317
1208.24 -313.772
1208.44 -199.704
1208.63 -148.245
1208.83 -244.148
1209.03 -143.273
1209.23 -185.593
1209.43 -103.452
1209.63 -163.523
1209.83 -130.208
1210.03 -104.498
1210.23 -73.6066
1210.43 -115.889
1210.63 -73.8857
1210.83 -56.3625
1211.02 -79.6136
1211.22 -79.5197
1211.42 -39.4959
1211.62 -33.903
1211.82 -28.3099
1212.02 -39.6914
1212.22 -84.9365
1212.42 -96.2077
1212.62 -51.0416
1233.13 -51.1946
1233.33 -51.1652
1233.53 -67.9128
1233.73 -113.337
1233.93 -96.8783
1234.13 -97.5104
1234.33 -98.0696
1234.53 -40.9834
1234.73 -37.1375
1234.92 -185.9
1235.12 -237.442
1235.32 -298.986
1235.52 -295.026
1235.72 -496.569
1235.92 -860.546
1236.12 -947.022
1236.32 -1009.49
1236.52 -1782.24
1236.72 -2182.64
1236.92 -2772.83
1237.12 -3050.19
1237.31 -3004.98
1237.51 -3682.66
1237.71 -3742.65
1237.91 -3825.77
1238.11 -4208.71
1238.31 -3706.18
1238.51 -3778.3
1238.71 -3612.22
1238.91 -3399.82
1239.11 -2902.22
1239.31 -2483.13
1239.51 -1987
1239.7 -1518.39
1239.9 -1252.83
1240.1 -1024.96
1240.3 -673.134
1240.5 -558.274
1240.7 -497.309
1240.9 -282.46
1241.1 -351.679
1241.3 -200.431
1241.5 -95.9248
1241.7 -104.227
1241.9 -117.258
1242.09 -48.6829
1242.29 -116.238
1242.49 -61.8311
1242.69 -115.546
1242.89 -103.525
1243.09 -73.885
1276.15 -34.6535
1276.35 -45.654
1276.55 -84.5087
1276.75 -62.3038
1276.95 -84.8518
1277.15 -73.7103
1277.35 -56.5048
1277.55 -91.5418
1277.75 -67.7679
1277.95 -54.7649
1278.15 -143.047
1278.34 -130.603
1278.54 -88.4028
1278.74 -200.437
1278.94 -139.621
1279.14 -361.585
1279.34 -346.904
1279.54 -437.768
1279.74 -471.785
1279.94 -549.882
1280.14 -566.98
1280.34 -675.21
1280.54 -850.469
1280.73 -767.33
1280.93 -916.821
1281.13 -720.634
1281.33 -925.191
1281.53 -711.832
1281.73 -557.236
1281.93 -389.091
1282.13 -514.922
1282.33 -446.287
1282.53 -371.254
1282.73 -410.703
1282.93 -237.057
1283.12 -326.586
1283.32 -171.692
1283.52 -199.217
1283.72 -90.5823
1283.92 -117.407
1284.12 -148.658
1284.32 -147.575
1284.52 -61.5576
1284.72 -115.886
1284.92 -50.0036
1285.12 -67.9417
1285.32 -44.282
1285.51 -32.4941
1285.71 -73.8862
1285.91 -91.6262
1327.54 -95.4878
1327.74 -62.2609
1327.94 -17.9517
1328.14 -56.7227
1328.34 -73.3419
1328.54 -67.8035
1328.73 -12.3938
1328.93 -40.0966
1329.13 -67.8094
1329.33 -45.6332
1329.53 -56.7228
1329.73 -78.9197
1329.93 -34.5136
1330.13 -56.7224
1330.33 -62.2822
1330.53 -62.2865
1330.73 -51.1492
1330.93 -56.7188
1331.12 -62.3004
1331.32 -101.434
1331.52 -45.52
1331.72 -79.1172
1331.92 -107.168
1332.12 -67.9264
1332.32 -73.5425
1332.52 -23.0222
1332.72 -51.0912
1332.92 -45.4834
1333.12 -56.7071
1333.32 -28.693
1333.51 -62.3096
1333.71 -79.0838
1333.91 -56.7159
1334.11 -23.2308
1334.31 -79.0225
1334.51 -17.7223
1334.71 -40.0199
1334.91 -51.1579
1335.11 -62.2827
1335.31 -67.8394
1335.51 -17.8226
1335.71 -45.6104
1335.91 -45.6119
1336.1 -62.2773
1336.3 -67.8318
1336.5 -62.2771
1336.7 -67.832
1336.9 -73.3874
1337.1 -123.385
1337.3 -40.0558
1372.75 -14.0559
1372.95 -40.5465
1373.15 -35.0959
1373.35 -56.6852
1373.55 -123.267
1373.75 -62.3279
1373.95 -38.6561
1374.15 -159.241
1374.35 -117.352
1374.54 -117.019
1374.74 -250.324
1374.94 -214.777
1375.14 -354.733
1375.34 -479.842
1375.54 -567.514
1375.74 -693.429
1375.94 -880.305
1376.14 -1370.78
1376.34 -1069.66
1376.54 -1791.34
1376.74 -1665.78
1376.93 -2106.49
1377.13 -2216.55
1377.33 -2426.74
1377.53 -2538.37
1377.73 -2594.14
1377.93 -1850.05
1378.13 -2106.44
1378.33 -1976.1
1378.53 -1900.85
1378.73 -1413.62
1378.93 -1354.68
1379.13 -1093.03
1379.32 -1228.6
1379.52 -870.15
1379.72 -665.861
1379.92 -403.186
1380.12 -379.486
1380.32 -267.876
1380.52 -156.274
1380.72 -171.742
1380.92 -117.325
1381.12 -72.7909
1381.32 -98.1187
1381.52 -32.0419
1381.72 -62.1194
1381.91 -32.8753
1382.11 -56.2227
1382.31 -109.67
1382.51 -85.8699
1382.71 -98.2305
1382.91 -130.263
1383.11 -97.3563
1383.31 -171.52
1383.51 -193.066
1383.71 -185.802
1383.91 -260.051
1384.11 -213.842
1384.3 -267.451
1384.5 -395.131
1384.7 -387.626
1384.9 -354.784
1385.1 -329.649
1385.3 -420.972
1385.5 -437.547
1385.7 -445.553
1385.9 -338.618
1386.1 -314.646
1386.3 -314.847
1386.5 -298.906
1386.69 -267.721
1386.89 -97.2404
1387.09 -228.925
1387.29 -220.215
1387.49 -144.021
1387.69 -169.551
1387.89 -91.8818
1388.09 -54.9997
1388.29 -109.974
1388.49 -44.2845
1388.69 -56.3711
1388.89 -50.7386
1389.08 -45.133
1389.28 -96.5061
1389.48 -56.651
1389.68 -107.661
1389.88 -67.9897
1390.08 -62.329
1390.28 -67.9878
1396.65 -67.6147
1396.85 -29.3728
1397.05 -45.753
1397.25 -34.7365
1397.45 -73.2958
1397.65 -67.865
1397.85 -45.3991
1398.05 -56.5653
1398.25 -79.758
1398.45 -49.6346
1398.64 -67.0342
1398.84 -110.936
1399.04 -184.431
1399.24 -171.777
1399.44 -215.044
1399.64 -214.684
1399.84 -306.901
1400.04 -371.238
1400.24 -354.224
1400.44 -497.513
1400.64 -497.433
1400.84 -603.007
1401.03 -576.04
1401.23 -747.649
1401.43 -811.618
1401.63 -511.638
1401.83 -521.363
1402.03 -620.975
1402.23 -664.874
1402.43 -436.661
1402.63 -395.193
1402.83 -346.246
1403.03 -379.121
1403.23 -330.164
1403.42 -260.024
1403.62 -214.935
1403.82 -213.63
1404.02 -177.784
1404.22 -163.363
1404.42 -117.399
1404.62 -156.018
1404.82 -123.94
1405.02 -97.1434
1405.22 -143.928
1405.42 -236.659
1405.62 -229.852
1405.82 -386.184
1406.01 -470.482
1406.21 -463.188
1406.41 -638.72
1406.61 -711.833
1406.81 -955.746
1407.01 -908.773
1407.21 -1034.72
1407.41 -1123.31
1407.61 -1122.49
1407.81 -1222.99
1408.01 -1334.5
1408.21 -1223.04
1408.4 -1203.14
1408.6 -1063.7
1408.8 -975.988
1409 -1014.75
1409.2 -729.542
1409.4 -830.55
1409.6 -611.755
1409.8 -522.976
1410 -314.059
1410.2 -267.75
1410.4 -296.959
1410.6 -143.498
1410.79 -123.874
1410.99 -123.673
1411.19 -122.318
1411.39 -56.4144
1411.59 -67.9189
1411.79 -13.1559
1411.99 -45.8882
1412.19 -24.9708
1412.39 -45.8509
1412.59 -50.9369
1412.79 -5.01746
1412.99 -50.8302
1456.01 -24.1758
1456.21 -35.0046
1456.41 -110.77
1456.6 -67.4757
1456.8 -45.8298
1457 -67.4792
1457.2 -34.9981
1457.4 -18.7354
1457.6 -51.2414
1457.8 -78.3881
1458 -45.8007
1458.2 -34.8838
1458.4 -67.631
1458.6 -62.1933
1458.8 -45.7038
1458.99 -51.1911
1459.19 -84.51
1459.39 -23.2041
1459.59 -45.4774
1459.79 -101.807
1459.99 -39.6713
1460.19 -16.8474
1460.39 -85.127
1460.59 -130.847
1460.79 -73.7474
1460.99 -56.6103
1461.19 -73.7256
1461.38 -28.2197
1461.58 -56.6658
1461.78 -34.1364
1461.98 -62.3156
1462.18 -62.2974
1462.38 -73.369
1462.58 -34.6437
1462.78 -84.1678
1462.98 -45.766
1463.18 -56.6824
1463.38 -51.2412
1463.58 -67.4679
1463.77 -29.6563
1463.97 -40.4668
1464.17 -45.8585
1464.37 -51.234
1464.57 -45.866
1464.77 -72.681
1464.97 -51.2296
1465.17 -35.1572
1465.37 -51.2277
1465.57 -40.5201
1465.77 -51.2262
1504.41 -114.454
1504.61 -56.4194
1504.8 -73.8763
1505 -56.2657
1505.2 -67.9527
1505.4 -67.8143
1505.6 -122.558
1505.8 -85.7149
1506 -143.142
1506.2 -64.0158
1506.4 -192.364
1506.6 -178.815
1506.8 -222.469
1507 -283.395
1507.19 -273.933
1507.39 -463.051
1507.59 -436.759
1507.79 -728.32
1507.99 -620.036
1508.19 -823.477
1508.39 -908.981
1508.59 -869.884
1508.79 -1142.45
1508.99 -1182.36
1509.19 -965.506
1509.39 -1143.04
1509.58 -1054.42
1509.78 -1131.77
1509.98 -746.077
1510.18 -927.152
1510.38 -748.706
1510.58 -665.963
1510.78 -506.139
1510.98 -327.785
1511.18 -403.991
1511.38 -338.347
1511.58 -260.1
1511.78 -171.481
1511.97 -130.005
1512.17 -77.1346
1512.37 -156.085
1512.57 -116.984
1512.77 -43.2275
1512.97 -121.606
1513.17 -68.0112
1513.37 -50.6162
1513.57 -50.7566
1513.77 -79.5121
1513.97 -79.4602
1514.17 -68.0242
1533.68 -67.9417
1533.88 -62.0155
1534.08 -62.0218
1534.28 -44.2348
1534.48 -73.8797
1534.68 -97.636
1534.88 -109.592
1535.08 -79.8281
1535.28 -109.87
1535.48 -49.5453
1535.68 -134.759
1535.88 -85.8208
1536.08 -85.6855
1536.27 -66.2869
1536.47 -169.342
1536.67 -170.266
1536.87 -150.784
1537.07 -150.907
1537.27 -129.824
1537.47 -178.874
1537.67 -121.204
1537.87 -185.893
1538.07 -222.442
1538.27 -192.96
1538.47 -215.105
1538.66 -178.139
1538.86 -185.653
1539.06 -251.623
1539.26 -214.921
1539.46 -193.158
1539.66 -185.878
1539.86 -185.527
1540.06 -157.698
1540.26 -177.504
1540.46 -123.975
1540.66 -163.042
1540.86 -65.7315
1541.05 -98.0879
1541.25 -72.3889
1541.45 -72.2377
1541.65 -104.422
1541.85 -123.97
1542.05 -137.235
1542.25 -144.013
1542.45 -137.284
1542.65 -178.303
1542.85 -185.398
1543.05 -102.344
1543.25 -185.594
1543.44 -157.806
1543.64 -199.291
1543.84 -171.509
1544.04 -144.072
1544.24 -96.9965
1544.44 -137.208
1544.64 -65.3486
1544.84 -66.1927
1545.04 -110.771
1545.24 -110.442
1545.44 -128.062
1545.64 -73.884
1545.83 -85.5071
1546.03 -62.3105
1546.23 -56.6717
1546.43 -39.9299
1546.63 -51.1798
1546.83 -18.2029
1547.03 -45.7621
1547.23 -56.6815
1547.43 -62.0847
1547.63 -62.0498
1547.83 -51.239
1548.03 -72.7454
1548.22 -40.5001
1578.3 -15.6435
1578.5 -15.6008
1578.7 -35.6295
1578.9 -55.7885
1579.1 -10.2627
1579.3 -20.2582
1579.49 -76.8027
1579.69 -56.3449
1579.89 -67.1715
1580.09 -56.6764
1580.29 -39.9881
1580.49 -91.0144
1580.69 -56.0945
1580.89 -116.525
1581.09 -180.729
1581.29 -97.6969
1581.49 -198.362
1581.69 -150.778
1581.88 -121.293
1582.08 -156.178
1582.28 -305.134
1582.48 -260.233
1582.68 -275.635
1582.88 -275.578
1583.08 -353.976
1583.28 -322.602
1583.48 -220.775
1583.68 -322.229
1583.88 -191.126
1584.08 -207.203
1584.27 -133.505
1584.47 -258.453
1584.67 -178.855
1584.87 -178.357
1585.07 -130.602
1585.27 -85.1872
1585.47 -172.983
1585.67 -67.7582
1585.87 -73.8815
1586.07 -33.879
1586.27 -62.2762
1586.47 -18.5813
1586.67 -56.5843
1586.86 -56.4748
1587.06 -51.1332
1587.26 -56.3001
1587.46 -25.1088
1587.66 -40.6817
1587.86 -35.5156
1588.06 -45.8493
1589.85 -40.6884
1590.05 -45.8036
1590.25 -66.2461
1590.45 -56.0167
1590.65 -56.0194
1590.85 -25.3416
1591.05 -25.3117
1591.25 -61.2594
1591.45 0.666717
1591.64 -30.259
1591.84 -30.1287
1592.04 -29.9385
1592.24 -56.6322
1592.44 -89.5991
1592.64 -62.3
1592.84 -45.2488
1593.04 -44.8204
1593.24 -73.8829
1593.44 -79.819
1593.64 -134.992
1593.84 -67.0437
1594.03 -142.433
1594.23 -98.1656
1594.43 -130.203
1594.63 -104.502
1594.83 -149.594
1595.03 -104.522
1595.23 -142.81
1595.43 -60.3197
1595.63 -48.3056
1595.83 -79.6972
1596.03 -43.467
1596.23 -79.8247
1596.42 -73.8873
1596.62 -114.415
1596.82 -50.8293
1597.02 -85.1493
1597.22 -56.6219
1597.42 -56.5912
1597.62 -50.7445
1597.82 -79.7073
1598.02 -44.3444
1598.22 -121.747
1598.42 -122.262
1598.62 -73.5878
1598.81 -42.4689
1599.01 -148.081
1599.21 -142.002
1599.41 -123.243
1599.61 -85.761
1599.81 -104.382
1600.01 -49.1201
1600.21 -73.7767
1600.41 -73.8762
1600.61 -73.8697
1600.81 -50.9239
1601.01 -34.4468
1601.2 -40.3714
1601.4 -14.0775
1601.6 -40.6816
1601.8 -25.4938
1602 -10.8622
1602.2 -40.4682
1602.4 -49.8982
1602.6 -63.7924
1602.8 -21.3715
1603 -49.1893
1603.2 -26.0514
1603.4 -30.6158
1603.59 -16.9512
1603.79 -12.4531
1603.99 -35.0559
1604.19 -17.0258
1656.38 -20.2315
1656.57 4.92321
1656.77 -2.20215
1656.97 -24.2922
1657.17 -28.3495
1657.37 -9.35428
1657.57 -9.1805
1657.77 -38.3009
1657.97 -12.6989
1658.17 -30.7174
1658.37 -50.5398
1658.57 -19.4982
1658.77 -34.2857
1658.96 -38.2545
1659.16 -60.6439
1659.36 -77.9102
1659.56 -171.541
1659.76 -200.316
1659.96 -244.703
1660.16 -199.288
1660.36 -236.596
1660.56 -394.346
1660.76 -363.029
1660.96 -289.87
1661.16 -379.504
1661.35 -379.509
1661.55 -330.531
1661.75 -379.248
1661.95 -250.994
1662.15 -346.071
1662.35 -367.53
1662.55 -215.047
1662.75 -287.067
1662.95 -192.583
1663.15 -103.924
1663.35 -98.1797
1663.55 -79.8108
1663.74 -62.3091
1663.94 -56.6654
1664.14 -30.4296
1664.34 -25.8818
1664.54 -16.8026
1664.74 -17.122
1664.94 -25.7811
1665.14 -13.1254
1665.34 -5.08046
1665.54 -45.1848
1665.74 -9.28116
1665.94 -9.31061
1666.13 -13.2417
1679.08 -24.0994
1679.28 -5.84764
1679.48 -2.20457
1679.68 -9.4951
1679.88 -13.146
1680.08 5.16282
1680.28 -2.11963
1680.47 -2.049
1680.67 -5.6992
1680.87 -55.1851
1681.07 -36.5748
1681.27 -1.2848
1681.47 -37.7187
1681.67 -4.61238
1681.87 -8.47847
1682.07 -30.5301
1682.27 1.88649
1682.47 -11.5305
1682.67 -15.8369
1682.86 -40.6816
1683.06 -77.0811
1683.26 -24.6884
1683.46 -67.3733
1683.66 -67.541
1683.86 -78.5486
1684.06 -56.6985
1684.26 -24.0177
1684.46 -51.24
1684.66 -67.1764
1684.86 -30.207
1685.06 -30.4717
1685.26 -40.6092
1685.45 -35.5723
1685.65 -26.0445
1685.85 -26.0197
1686.05 -8.57108
1686.25 -25.5877
1686.45 -21.2271
1686.65 -5.51868
1686.85 -13.2009
1687.05 -9.49831
1687.25 -9.49771
1687.45 0.905478
1687.65 -2.64862
1687.84 -2.71463
1688.04 -12.7203
1688.24 0.494112
1688.44 -19.165
1688.64 -6.09315
1688.84 -9.32901
1724.69 -10.3503
1724.89 7.20036
1725.09 2.35362
1725.29 -8.94043
1725.49 -2.86951
1725.69 -13.0782
1725.89 -1.25889
1726.08 0.692041
1726.28 -89.9262
1726.48 -62.1168
1726.68 -56.048
1726.88 -155.994
1727.08 -164.714
1727.28 -244.547
1727.48 -353.421
1727.68 -273.297
1727.88 -395.13
1728.08 -629.395
1728.28 -574.941
1728.47 -664.316
1728.67 -1004.61
1728.87 -888.859
1729.07 -1064.22
1729.27 -1411.5
1729.47 -1123.3
1729.67 -1023.45
1729.87 -1252.73
1730.07 -985.178
1730.27 -937.227
1730.47 -1072.26
1730.67 -927.055
1730.86 -665.926
1731.06 -620.882
1731.26 -445.98
1731.46 -387.764
1731.66 -251.753
1731.86 -259.843
1732.06 -157.732
1732.26 -123.968
1732.46 -104.082
1732.66 -67.8609
1732.86 -50.8097
1733.06 -12.3268
1733.25 -9.05095
1733.45 -9.48609
1733.65 -9.39714
1733.85 -0.0198942
1734.05 -0.315038
1734.25 -3.06191
1734.45 -5.48856
1759.54 -0.577936
1759.74 2.73259
1759.94 -27.1732
1760.14 -0.424575
1760.34 -30.7175
1760.54 -56.7027
1760.74 -174.005
1760.94 -122.779
1761.14 -298.522
1761.34 -296.586
1761.54 -665.215
1761.74 -955.761
1761.93 -1113.34
1762.13 -1697.52
1762.33 -1975.96
1762.53 -2527.32
1762.73 -2850.77
1762.93 -4125.28
1763.13 -4572.43
1763.33 -5991.56
1763.53 -6668.16
1763.73 -6445.97
1763.93 -7954.86
1764.13 -7994.37
1764.32 -9304.2
1764.52 -8549.37
1764.72 -8747.64
1764.92 -7691.84
1765.12 -6896.27
1765.32 -7558.8
1765.52 -5890.22
1765.72 -5301.46
1765.92 -4512.63
1766.12 -4076.45
1766.32 -3433.96
1766.52 -2393.47
1766.71 -2267.7
1766.91 -1312.97
1767.11 -1162.69
1767.31 -944.504
1767.51 -497.245
1767.71 -428.734
1767.91 -191.69
1768.11 -213.91
1768.31 -117.383
1768.51 -38.5645
1768.71 -72.7872
1768.91 -20.7604
1769.1 -16.8182
1769.3 -25.9108
1833.44 -3.09027
1833.63 -3.09034
1833.83 -0.309296
1834.03 -5.89215
1834.23 -0.248735
1834.43 -11.7436
1834.63 -6.01525
1834.83 -6.06362
1835.03 -6.09305
1835.23 -2.73308
1835.43 -5.96993
1835.63 -9.46534
1835.83 -29.0957
1836.02 -13.0575
1836.22 -17.0834
1836.42 -21.321
1836.62 -25.746
1836.82 -40.6832
1837.02 -45.8578
1837.22 -34.4686
1837.42 -45.1484
1837.62 -50.468
1837.82 -79.8227
1838.02 -122.002
1838.22 -110.122
1838.41 -85.868
1838.61 -67.7294
1838.81 -85.8132
1839.01 -85.6754
1839.21 -73.8247
1839.41 -101.663
1839.61 -18.5908
1839.81 -51.125
1840.01 -25.6107
1840.21 -35.5182
1840.41 -21.5196
1840.61 -13.0103
1840.8 -13.2286
1841 -13.1948
1841.2 -19.9303
1841.4 -6.09215
1841.6 -2.99842
1841.8 2.74504
1842 -8.65841
1842.2 -5.7831
1842.4 4.88305
1842.6 -5.72862
1842.8 -5.78641
1842.99 -8.70005
1843.19 -6.02081
1843.39 -12.4986
1843.59 -2.49552
1843.79 -1.69036
1843.99 -8.75823
1844.19 -16.6803
1844.39 -56.0697
1844.59 -6.50067
1844.79 -79.8233
1844.99 -72.1966
1845.19 -109.702
1845.38 -200.451
1845.58 -260.204
1845.78 -346.559
1845.98 -387.742
1846.18 -454.775
1846.38 -410.727
1846.58 -629.565
1846.78 -656.985
1846.98 -784.576
1847.18 -812.792
1847.38 -794.691
1847.58 -656.646
1847.77 -592.841
1847.97 -747.711
1848.17 -540.476
1848.37 -646.484
1848.57 -566.228
1848.77 -304.159
1848.97 -330.755
1849.17 -314.473
1849.37 -192.798
1849.57 -207.073
1849.77 -77.3714
1849.97 -79.5447
1850.16 -68.0532
1850.36 -29.9601
1850.56 -21.0732
1850.76 0.298001
1850.96 -28.9107
1851.16 -12.9851
1851.36 -18.5502
1851.56 -3.08995
1851.76 -0.505279
1851.96 -5.22024
1852.16 -0.590895
1852.36 3.52892
1868.29 2.78285
1868.49 -5.99541
1868.69 2.81933
1868.89 -6.01109
1869.09 -0.0705526
1869.28 -9.04781
1869.48 -6.05958
1869.68 -12.2908
1869.88 -21.9858
1870.08 -6.09116
1870.28 -12.8195
1870.48 1.02822
1870.68 -20.4476
1870.88 -1.80491
1871.08 -17.2055
1871.28 -4.83412
1871.48 -4.27638
1871.67 -12.5777
1871.87 -53.8341
1872.07 -25.9833
1872.27 -20.9543
1872.47 -10.7055
1872.67 -55.8584
1872.87 -40.6877
1873.07 -15.0041
1873.27 -50.9594
1873.47 -30.4716
1873.67 -25.5074
1873.87 -85.4
1874.06 -25.8612
1874.26 -49.7603
1874.46 -12.2136
1874.66 -39.3718
1874.86 -30.1112
1875.06 -4.90631
1875.26 -5.34096
1875.46 -17.0009
1875.66 -5.87869
1875.86 -23.3806
1876.06 -19.4525
1876.25 -2.86098
1876.45 6.4751
1876.65 3.13158
1876.85 2.98183
1877.05 -3.05291
1877.25 -5.995
1877.45 -14.6972
1877.65 -5.96579
1877.85 2.67571
1878.05 -3.08088
2113.64 1.36087
2113.84 1.30313
2114.04 2.41996
2114.24 -4.41209
2114.44 4.69225
2114.64 1.4765
2114.84 -0.544232
2115.04 2.65016
2115.24 3.83695
2115.44 -5.69981
2115.63 -4.66475
2115.83 -30.6843
2116.03 -65.9236
2116.23 -94.7942
2116.43 -44.802
2116.63 -104.301
2116.83 -117.399
2117.03 -144.037
2117.23 -178.719
2117.43 -114.163
2117.63 -281.338
2117.83 -244.956
2118.02 -214.584
2118.22 -267.905
2118.42 -252.501
2118.62 -206.276
2118.82 -283.237
2119.02 -222.213
2119.22 -222.474
2119.42 -148.983
2119.62 -200.353
2119.82 -129.967
2120.02 -204.438
2120.21 -110.944
2120.41 -116.496
2120.61 -85.414
2120.81 -34.985
2121.01 -85.8799
2121.21 -35.271
2121.41 -13.0929
2121.61 5.47494
2121.81 0.495075
2122.01 -3.08319
2122.21 -5.43037
2122.41 1.48436
2122.6 -0.438316
2122.8 1.22912
2123 1.24134
2123.2 3.3689
2123.4 0.414516
2199.07 -0.113521
2199.27 1.2865
2199.47 -0.591234
2199.67 2.28848
2199.87 -9.33471
2200.07 -13.234
2200.27 -39.1853
2200.47 -25.6495
2200.67 -56.7214
2200.86 -55.2893
2201.06 -70.8247
2201.26 -143.167
2201.46 -267.815
2201.66 -371.015
2201.86 -463.194
2202.06 -523.434
2202.26 -785.015
2202.46 -861.295
2202.66 -879.205
2202.86 -1222.9
2203.06 -1101.14
2203.25 -1220.61
2203.45 -1811.88
2203.65 -1613.83
2203.85 -1899.09
2204.05 -1867.66
2204.25 -1772.2
2204.45 -1634.87
2204.65 -1467.57
2204.85 -1581.48
2205.05 -1039.89
2205.25 -1143.28
2205.44 -1063.99
2205.64 -861.329
2205.84 -665.936
2206.04 -496.751
2206.24 -454.785
2206.44 -282.262
2206.64 -359.657
2206.84 -214.744
2207.04 -157.353
2207.24 -79.6737
2207.44 -90.4048
2207.64 -45.7159
2207.83 -26.0042
2208.03 -1.60898
2208.23 -9.38357
2208.43 -0.35087
2208.63 1.62855
2208.83 -0.457791
2209.03 1.22753
2288.48 0.495268
2288.68 0.566333
2288.88 2.85912
2289.08 0.814706
2289.28 2.36936
2289.48 1.29335
2289.67 2.03217
2289.87 1.58292
2290.07 0.820328
2290.27 2.40056
2290.47 -0.367261
2290.67 3.57935
2290.87 -5.53581
2291.07 8.58249
2291.27 -9.37404
2291.47 -20.3763
2291.67 -17.174
2291.86 -17.2658
2292.06 -25.9949
2292.26 -26.0438
2292.46 -30.7492
2292.66 -35.6376
2292.86 -45.7652
2293.06 -30.3749
2293.26 -77.0319
2293.46 -61.4636
2293.66 -20.0168
2293.86 -40.6861
2294.06 -45.6399
2294.25 -20.9999
2294.45 -16.6239
2294.65 -17.0235
2294.85 -25.7794
2295.05 -29.2131
2295.25 -5.78516
2295.45 0.658364
2295.65 2.95896
2295.85 2.14376
2296.05 -0.591433
2296.25 3.01876
2296.44 1.23576
2296.64 1.40277
2296.84 2.27565
2297.04 1.76356
2297.24 2.12639
2297.44 1.07508
2297.64 2.55168
2297.84 2.80028
2298.04 0.587962
2298.24 0.510269
2442.79 1.08268
2442.99 2.11096
2443.19 2.42187
2443.39 1.60208
2443.59 2.33532
2443.79 2.92299
2443.98 -0.589833
2444.18 -17.1774
2444.38 -6.06655
2444.58 -24.9087
2444.78 -39.0808
2444.98 -21.0523
2445.18 -40.6132
2445.38 -62.3282
2445.58 -37.4481
2445.78 -72.5953
2445.98 -130.598
2446.17 -213.516
2446.37 -142.783
2446.57 -252.143
2446.77 -366.292
2446.97 -321.943
2447.17 -299.027
2447.37 -243.758
2447.57 -433.877
2447.77 -354.553
2447.97 -251.541
2448.17 -275.491
2448.36 -322.172
2448.56 -229.711
2448.76 -192.626
2448.96 -120.452
2449.16 -143.609
2449.36 -184.781
2449.56 -78.4664
2449.76 -48.8448
2449.96 -56.4362
2450.16 -72.9063
2450.36 -35.636
2450.55 -16.9609
2450.75 -21.307
2450.95 -2.41046
2451.15 -0.0291058
2451.35 -2.98686
2451.55 -0.510619
2451.75 1.23491
2451.95 2.12207
2452.15 2.06492
2452.35 1.54815
2452.55 1.18278
