num      energy        midtime       peakrate            +/-          I*eff          IsoBrconvergence    parent     activROI_Chisq/dofTot_Chisq/dof                                     filename
1        46.539         176385        2.97178      0.0781747              0              0    3               pb210   1.22007   1.03571                                    ra226.Chn
2       53.2284         176385        1.16703       0.061763              0              0    3               pb214   1.22007   1.03571                                    ra226.Chn
3       186.211         176385        3.40947      0.0947596              0              0    3               ra226  0.911346   1.03571                                    ra226.Chn
4       241.995         176385        5.90982      0.0975876              0              0    3               pb214   0.98288   1.03571                                    ra226.Chn
5        258.86         176385       0.455904      0.0563764              0              0    3               pb214  0.836557   1.03571                                    ra226.Chn
6         274.8         176385       0.309794       0.050846              0              0    3               pb214   1.19844   1.03571                                    ra226.Chn
7       277.371         176385     -0.0381073      0.0465514              0              0    3               tl208   1.19844   1.03571                                    ra226.Chn
8       295.223         176385        13.3173        0.12215              0              0    3               pb214   1.52889   1.03571                                    ra226.Chn
9       351.932         176385        23.6625       0.152101              0              0    3               pb214   1.07457   1.03571                                    ra226.Chn
10       386.78         176385       0.158793       0.034543              0              0    3               bi214   1.05804   1.03571                                    ra226.Chn
11       388.89         176385       0.238426      0.0345357              0              0    3               bi214   1.05804   1.03571                                    ra226.Chn
12       454.79         176385       0.186194      0.0278744              0              0    3               bi214  0.927779   1.03571                                    ra226.Chn
13       462.02         176385         0.1528      0.0264855              0              0    3               pb214  0.927779   1.03571                                    ra226.Chn
14      480.432         176385       0.178374      0.0256984              0              0    3               pb214   1.03347   1.03571                                    ra226.Chn
15       487.14         176385       0.197092      0.0250538              0              0    3               pb214   1.03347   1.03571                                    ra226.Chn
16       580.14         176385       0.147726      0.0223489              0              0    3               pb214  0.803968   1.03571                                    ra226.Chn
17      583.187         176385      -0.030481      0.0171586              0              0    3               tl208  0.803968   1.03571                                    ra226.Chn
18       609.32         176385        21.4518       0.138716              0              0    3               bi214   1.69498   1.03571                                    ra226.Chn
19      661.657         176385      0.0537372      0.0185296              0              0    3               cs137   1.02958   1.03571                                    ra226.Chn
20      665.447         176385       0.674997      0.0302699              0              0    3               bi214   1.02958   1.03571                                    ra226.Chn
21       703.11         176385       0.206892      0.0227703              0              0    3               bi214  0.869554   1.03571                                    ra226.Chn
22       719.87         176385       0.161059      0.0208679              0              0    3               bi214  0.985672   1.03571                                    ra226.Chn
23       763.13         176385     -0.0185921      0.0158148              0              0    3               tl208   1.15445   1.03571                                    ra226.Chn
24       768.36         176385        1.99477      0.0470413              0              0    3               bi214   1.15445   1.03571                                    ra226.Chn
25       785.96         176385       0.322688      0.0570171              0              0    3               pb214    1.1242   1.03571                                    ra226.Chn
26       786.35         176385      0.0751624       0.055913              0              0    3               bi214    1.1242   1.03571                                    ra226.Chn
27       806.18         176385       0.516993      0.0279477              0              0    3               bi214  0.733207   1.03571                                    ra226.Chn
28       839.07         176385       0.258113      0.0237057              0              0    3               pb214  0.982923   1.03571                                    ra226.Chn
29      860.557         176385    -0.00394504      0.0171103              0              0    3               tl208  0.894896   1.03571                                    ra226.Chn
30      934.056         176385        1.09748        0.03765              0              0    3               bi214  0.734526   1.03571                                    ra226.Chn
31       964.08         176385       0.110428      0.0201465              0              0    3               bi214  0.773584   1.03571                                    ra226.Chn
32      1051.96         176385       0.141428      0.0183578              0              0    3               bi214   1.15527   1.03571                                    ra226.Chn
33      1069.96         176385      0.0935319       0.016779              0              0    3               bi214  0.697565   1.03571                                    ra226.Chn
34      1120.29         176385        5.05596      0.0703021              0              0    3               bi214  0.753791   1.03571                                    ra226.Chn
35      1133.66         176385      0.0526606      0.0161834              0              0    3               bi214  0.797839   1.03571                                    ra226.Chn
36      1155.21         176385       0.535803      0.0269423              0              0    3               bi214  0.845109   1.03571                                    ra226.Chn
37      1173.23         176385      0.0576845      0.0156771              0              0    3                co60   1.62158   1.03571                                    ra226.Chn
38      1207.68         176385       0.144279      0.0180354              0              0    3               bi214   1.04656   1.03571                                    ra226.Chn
39      1238.12         176385         1.8225      0.0442916              0              0    3               bi214   0.60156   1.03571                                    ra226.Chn
40      1280.98         176385       0.434124      0.0247249              0              0    3               bi214   1.06661   1.03571                                    ra226.Chn
41      1332.49         176385      0.0158887      0.0136876              0              0    3                co60  0.946479   1.03571                                    ra226.Chn
42      1377.67         176385        1.12452      0.0363244              0              0    3               bi214  0.761281   1.03571                                    ra226.Chn
43      1385.31         176385       0.245965      0.0205926              0              0    3               bi214  0.761281   1.03571                                    ra226.Chn
44      1401.52         176385       0.392546      0.0240528              0              0    3               bi214  0.709525   1.03571                                    ra226.Chn
45      1407.99         176385       0.734323      0.0298074              0              0    3               bi214  0.709525   1.03571                                    ra226.Chn
46      1460.82         176385       0.106937      0.0175695              0              0    3                 k40  0.777557   1.03571                                    ra226.Chn
47      1509.21         176385       0.605557      0.0292358              0              0    3               bi214   1.03645   1.03571                                    ra226.Chn
48      1538.53         176385       0.135233      0.0167688              0              0    3               bi214   1.02877   1.03571                                    ra226.Chn
49      1543.34         176385      0.0860178      0.0162731              0              0    3               bi214   1.02877   1.03571                                    ra226.Chn
50       1583.2         176385       0.172122      0.0176853              0              0    3               bi214  0.770881   1.03571                                    ra226.Chn
51      1594.75         176385      0.0799585      0.0141087              0              0    3               bi214  0.799574   1.03571                                    ra226.Chn
52      1599.37         176385      0.0886783      0.0144572              0              0    3               bi214  0.799574   1.03571                                    ra226.Chn
53      1661.27         176385       0.247649      0.0186784              0              0    3               bi214  0.862075   1.03571                                    ra226.Chn
54      1684.01         176385      0.0606094      0.0110705              0              0    3               bi214    1.4568   1.03571                                    ra226.Chn
55       1729.6         176385       0.723116      0.0279843              0              0    3               bi214  0.780559   1.03571                                    ra226.Chn
56      1764.49         176385        3.83705      0.0622278              0              0    3               bi214  0.865569   1.03571                                    ra226.Chn
57      1838.36         176385      0.0687846      0.0112491              0              0    3               bi214  0.956249   1.03571                                    ra226.Chn
58      1847.43         176385       0.459927      0.0219618              0              0    3               bi214  0.956249   1.03571                                    ra226.Chn
59      1873.16         176385      0.0672618      0.0108886              0              0    3               bi214  0.985053   1.03571                                    ra226.Chn
60      2118.51         176385       0.231901      0.0169136              0              0    3               bi214   1.21282   1.03571                                    ra226.Chn
61      2204.06         176385        1.07368      0.0337433              0              0    3               bi214   1.08364   1.03571                                    ra226.Chn
62      2293.38         176385      0.0442785     0.00759666              0              0    3               bi214   1.06888   1.03571                                    ra226.Chn
63       2447.7         176385       0.310588      0.0181192              0              0    3               bi214  0.944477   1.03571                                    ra226.Chn
64      2614.51         176385      0.0221047     0.00575208              0              0    3               tl208  0.696997   1.03571                                    ra226.Chn
