272.535 -573.845
272.734 -767.009
272.933 -693.447
273.132 -693.454
273.332 -629.15
273.531 -849.594
273.73 -656.745
273.929 -711.83
274.128 -785.228
274.327 -711.825
274.526 -565.122
274.726 -730.149
274.925 -675.166
275.124 -546.968
275.323 -785.021
275.522 -775.81
275.721 -766.592
275.92 -766.493
276.12 -757.245
276.319 -693.422
276.518 -647.986
276.717 -638.952
276.916 -584.76
277.115 -485.63
277.314 -765.135
277.514 -638.973
277.713 -647.99
277.912 -729.232
278.111 -584.734
278.31 -548.419
278.509 -720.527
278.708 -647.984
278.908 -729.722
279.107 -602.529
279.306 -747.937
279.505 -593.433
279.704 -647.966
279.903 -675.224
280.102 -856.853
280.302 -584.43
280.501 -657.061
280.7 -675.207
280.899 -566.371
281.098 -747.724
281.297 -702.377
281.496 -521.169
281.696 -530.272
281.895 -756.645
282.094 -675.158
282.293 -593.728
342.235 -429.344
342.435 -437.829
342.634 -454.779
342.833 -395.495
343.032 -370.124
343.231 -420.923
343.43 -497.046
343.629 -480.115
343.829 -589.935
344.028 -311.175
344.227 -387.206
344.426 -378.793
344.625 -539.048
344.824 -463.137
345.023 -454.697
345.223 -538.874
345.422 -353.709
345.621 -454.649
345.82 -488.223
346.019 -446.206
346.218 -362.359
346.417 -488.017
346.617 -454.487
346.816 -462.806
347.015 -295.774
347.214 -429.361
347.413 -404.327
347.612 -404.327
347.811 -462.727
348.011 -362.606
348.21 -404.325
348.409 -421.015
348.608 -379.291
348.807 -370.953
349.006 -379.304
349.205 -320.946
349.405 -412.667
349.604 -354.346
349.803 -371.026
350.002 -470.923
350.201 -412.656
350.4 -404.337
350.599 -396.025
350.799 -379.415
350.998 -454.147
351.197 -454.12
351.396 -387.74
351.595 -478.931
351.794 -462.318
351.993 -271.818
578.221 -171.036
578.42 -157.529
578.619 -103.618
578.818 -63.2483
579.018 -144.03
579.217 -130.58
579.416 -90.2776
579.615 -144.012
579.814 -251.333
580.013 -137.296
580.212 -123.897
580.412 -184.149
580.611 -164.049
580.81 -103.854
581.009 -110.55
581.208 -77.1443
581.407 -137.283
581.606 -123.918
581.806 -97.1689
582.005 -157.361
582.204 -83.7249
582.403 -177.504
582.602 -130.591
582.801 -90.3365
583 -117.172
583.2 -90.3584
583.399 -190.882
583.598 -150.664
583.797 -117.252
583.996 -177.224
584.195 -143.89
584.394 -130.595
584.594 -137.2
584.793 -110.773
584.992 -170.101
585.191 -123.974
585.39 -117.402
585.589 -123.97
585.788 -123.967
585.988 -156.714
586.187 -110.872
586.386 -150.111
586.585 -130.485
586.784 -39.0885
586.983 -78.2876
587.182 -104.387
587.382 -143.466
587.581 -143.444
587.78 -130.42
587.979 -71.9532
588.178 -117.416
604.508 -103.31
604.707 -137.282
604.906 -103.366
605.105 -164.405
605.305 -144.066
605.504 -164.371
605.703 -110.239
605.902 -177.856
606.101 -191.34
606.3 -144.052
606.499 -137.302
606.699 -36.1546
606.898 -137.303
607.097 -184.485
607.296 -117.078
607.495 -164.285
607.694 -137.301
607.893 -157.585
608.093 -123.741
608.292 -184.81
608.491 -144.072
608.69 -144.07
608.889 -89.432
609.088 -123.559
609.287 -144.064
609.487 -116.756
609.686 -164.513
609.885 -178.048
610.084 -150.838
610.283 -110.312
610.482 -211.246
610.681 -123.897
610.881 -143.956
611.08 -130.603
611.279 -197.025
611.478 -123.965
611.677 -97.493
611.876 -176.857
612.075 -130.577
612.275 -84.3959
612.474 -97.6133
612.673 -110.805
612.872 -130.553
613.071 -150.268
613.27 -77.9943
613.469 -143.658
613.669 -137.082
613.868 -84.6537
614.067 -91.2298
614.266 -123.958
758.247 -137.268
758.446 -137.269
758.645 -123.937
758.845 -83.9277
759.044 -110.596
759.243 -90.5806
759.442 -117.26
759.641 -103.913
759.84 -183.989
760.039 -157.297
760.239 -157.296
760.438 -170.633
760.637 -157.278
760.836 -103.949
761.035 -57.3896
761.234 -137.245
761.433 -143.854
761.633 -130.584
761.832 -137.152
762.031 -150.224
762.23 -65.1196
762.429 -123.933
762.628 -149.87
762.827 -117.41
763.027 -85.0695
763.226 -136.812
763.425 -149.806
763.624 -45.952
763.823 -150.026
764.022 -104.317
764.221 -137.128
764.421 -77.7401
764.62 -130.595
764.819 -163.857
765.018 -110.598
765.217 -110.556
765.416 -130.598
765.615 -150.692
765.815 -137.296
766.014 -177.535
766.213 -157.42
766.412 -164.124
766.611 -97.0675
766.81 -170.805
767.009 -117.2
767.209 -190.836
767.408 -150.664
767.607 -137.284
767.806 -97.2073
768.005 -130.603
768.204 -163.976
768.403 -83.8748
768.603 -103.889
768.802 -150.649
769.001 -103.843
769.2 -130.596
769.399 -157.407
769.598 -137.299
769.797 -177.611
769.997 -177.65
770.196 -110.383
770.395 -96.8964
770.594 -150.779
770.793 -137.303
770.992 -144.046
771.191 -96.8287
771.391 -144.049
771.59 -90.0597
771.789 -171.053
771.988 -144.053
772.187 -110.289
772.386 -171.071
772.585 -130.545
772.785 -123.786
772.984 -164.331
773.183 -110.262
801.262 -117.415
801.461 -97.7459
801.66 -176.489
801.86 -156.846
802.059 -77.8854
802.258 -104.194
802.457 -77.7498
802.656 -137.198
802.855 -137.214
803.054 -123.964
803.254 -143.887
803.453 -150.565
803.652 -123.938
803.851 -137.28
804.05 -177.439
804.249 -157.418
804.448 -103.685
804.648 -123.819
804.847 -83.2045
805.046 -157.634
805.245 -116.859
805.444 -164.539
805.643 -144.06
805.843 -157.764
806.042 -178.389
806.241 -205.942
806.44 -171.56
806.639 -130.244
806.838 -109.587
807.037 -130.254
807.237 -150.906
807.436 -150.907
807.635 -109.657
807.834 -123.411
808.033 -171.53
808.232 -219.672
808.431 -219.708
808.631 -150.905
808.83 -95.7739
809.029 -130.207
809.228 -171.612
809.427 -220.019
809.626 -81.6803
809.825 -116.236
810.025 -116.188
810.224 -234.195
810.423 -199.518
810.622 -116.038
810.821 -171.733
811.02 -171.744
823.168 -193.055
823.367 -171.784
823.566 -193.014
823.765 -150.595
823.965 -108.306
824.164 -214.035
824.363 -115.586
824.562 -157.761
824.761 -143.807
824.96 -213.524
825.159 -220.299
825.359 -206.259
825.558 -54.2734
825.757 -95.8268
825.956 -164.651
826.155 -137.179
826.354 -150.907
826.553 -164.634
826.753 -123.431
826.952 -192.17
827.151 -192.225
827.35 -206.07
827.549 -116.374
827.748 -164.715
827.947 -150.89
828.147 -150.888
828.346 -199.311
828.545 -150.889
828.744 -185.454
828.943 -130.17
829.142 -233.734
829.341 -144.003
829.541 -75.1004
829.74 -130.251
829.939 -178.419
830.138 -164.65
830.337 -192.097
830.536 -171.481
830.735 -82.3909
830.935 -109.835
855.628 -229.015
855.828 -157.342
856.027 -250.532
856.226 -229.031
856.425 -107.139
856.624 -193.184
856.823 -193.185
857.023 -193.186
857.222 -142.974
857.421 -157.32
857.62 -200.359
857.819 -171.669
858.018 -178.843
858.217 -214.683
858.417 -164.524
858.616 -186.012
858.815 -200.307
859.014 -193.144
859.213 -178.872
859.412 -157.536
859.611 -129.181
859.811 -256.809
860.01 -150.567
860.209 -108.205
860.408 -235.336
860.607 -171.792
860.806 -143.533
861.005 -200.082
861.205 -178.869
861.404 -171.774
861.603 -143.298
861.802 -278.701
862.001 -186.009
862.2 -135.906
862.399 -178.844
862.599 -157.3
862.798 -150.085
862.997 -207.58
863.196 -207.59
863.395 -85.241
863.594 -236.402
863.793 -142.794
863.993 -250.827
864.192 -308.468
864.391 -236.435
864.59 -149.97
864.789 -185.999
864.988 -185.998
865.187 -178.789
865.387 -171.578
929.113 -222.291
929.312 -282.877
929.511 -267.734
929.71 -275.314
929.909 -138.915
930.108 -275.325
930.307 -245.007
930.507 -252.589
930.706 -184.332
930.905 -267.763
931.104 -313.298
931.303 -290.548
931.502 -199.439
931.701 -222.206
931.901 -275.405
932.1 -237.383
932.299 -222.14
932.498 -305.958
932.697 -199.175
932.896 -298.436
933.095 -321.437
933.295 -275.554
933.494 -275.569
933.693 -237.21
933.892 -283.265
934.091 -191.105
934.29 -298.63
934.49 -283.263
934.689 -252.559
934.888 -298.571
935.087 -267.896
935.286 -199.002
935.485 -160.814
935.684 -229.664
935.884 -275.505
936.083 -328.932
936.282 -267.858
936.481 -229.708
936.68 -222.082
936.879 -206.825
937.078 -275.484
937.278 -306.004
937.477 -321.272
937.676 -237.332
937.875 -306.026
938.074 -275.497
938.273 -206.781
938.472 -176.224
938.672 -237.316
938.871 -321.348
1115.31 -103.601
1115.51 -184.408
1115.71 -157.456
1115.91 -56.8134
1116.11 -137.292
1116.31 -170.709
1116.51 -163.972
1116.71 -137.267
1116.91 -103.991
1117.1 -90.7403
1117.3 -90.7882
1117.5 -130.594
1117.7 -123.969
1117.9 -97.4899
1118.1 -150.45
1118.3 -163.709
1118.5 -104.075
1118.7 -137.239
1118.9 -177.164
1119.1 -137.269
1119.3 -110.565
1119.49 -264.428
1119.69 -103.79
1119.89 -137.297
1120.09 -137.297
1120.29 -70.3214
1120.49 -123.919
1120.69 -117.282
1120.89 -117.332
1121.09 -97.5789
1121.29 -84.5977
1121.49 -97.8526
1121.68 -175.761
1121.88 -149.609
1122.08 -104.531
1122.28 -117.292
1122.48 -123.574
1122.68 -110.852
1122.88 -117.103
1123.08 -98.2327
1123.28 -48.2391
1123.48 -116.915
1123.68 -85.7869
1123.88 -54.8207
1124.07 -92.0059
1124.27 -55.0073
1124.47 -73.5477
1124.67 -61.3153
1124.87 -153.191
1125.07 -104.184
1150.36 -62.1833
1150.56 -44.6587
1150.76 -85.5556
1150.96 -85.5436
1151.16 -91.3611
1151.36 -114.644
1151.56 -38.9453
1151.76 -68.0479
1151.95 -62.2378
1152.15 -79.6648
1152.35 -108.677
1152.55 -27.4474
1152.75 -15.8682
1152.95 -50.6623
1153.15 -102.828
1153.35 -97.034
1153.55 -56.4569
1153.75 -39.0532
1153.95 -68.0513
1154.15 -62.2455
1154.34 -85.4735
1154.54 -108.717
1154.74 -56.429
1154.94 -97.0954
1155.14 -68.0505
1155.34 -56.4501
1155.54 -62.2594
1155.74 -44.9181
1155.94 -21.8712
1156.14 -85.333
1156.34 -91.0385
1156.54 -68.0438
1156.73 -85.2022
1156.93 -45.1939
1157.13 -102.209
1157.33 -56.6402
1157.53 -39.618
1157.73 -45.3221
1157.93 -51.0067
1158.13 -79.2907
1158.33 -90.5647
1158.53 -39.7619
1158.73 -62.3251
1158.92 -45.4352
1159.12 -73.5692
1159.32 -51.083
1159.52 -101.606
1159.72 -6.24253
1159.92 -73.515
1160.12 -67.9047
1168.28 -84.5975
1168.48 -64.8974
1168.68 -84.4634
1168.88 -104.034
1169.08 -150.807
1169.28 -241.151
1169.48 -258.386
1169.68 -298.513
1169.88 -379.497
1170.08 -760.68
1170.28 -851.82
1170.48 -1364.67
1170.67 -1900.85
1170.87 -2696.57
1171.07 -3848.51
1171.27 -5740.06
1171.47 -7968.21
1171.67 -9887.37
1171.87 -13430.6
1172.07 -15540.1
1172.27 -19393.6
1172.47 -22128.7
1172.67 -24873.3
1172.86 -26510
1173.06 -27898.1
1173.26 -28694.1
1173.46 -27164.8
1173.66 -24825.1
1173.86 -23864.2
1174.06 -21163
1174.26 -18850
1174.46 -15767.8
1174.66 -11566
1174.86 -9725.42
1175.06 -7107.02
1175.25 -4941.87
1175.45 -3423.56
1175.65 -2393.78
1175.85 -1666.28
1176.05 -917.544
1176.25 -602.778
1176.45 -312.822
1176.65 -244.978
1176.85 -129.854
1177.05 -110.944
1177.25 -91.829
1177.45 -50.9756
1177.64 -89.3843
1177.84 -45.8927
1178.04 -35.4917
1233.21 -5.93823
1233.4 -16.6101
1233.6 -9.49924
1233.8 4.66575
1234 -20.1002
1234.2 -20.0795
1234.4 -5.97384
1234.6 -16.5268
1234.8 1.04203
1235 1.03402
1235.2 -27.0332
1235.4 1.03645
1235.6 -9.49412
1235.79 -16.5431
1235.99 -16.5713
1236.19 -2.39146
1236.39 -16.6527
1236.59 8.50469
1236.79 -9.49803
1236.99 5.13545
1237.19 -13.17
1237.39 -5.7684
1237.59 -13.197
1237.79 -9.4633
1237.98 -13.2056
1238.18 -24.4218
1238.38 -5.74465
1238.58 -16.8848
1238.78 -16.8334
1238.98 -16.7676
1239.18 -9.50095
1239.38 -5.94912
1239.58 -9.49229
1239.78 -6.01632
1239.98 -6.04003
1240.18 0.717912
1240.37 -2.71425
1240.57 -9.40772
1240.77 3.83142
1240.97 7.05448
1241.17 -9.36037
1241.37 -9.3477
1241.57 -6.09368
1241.77 -9.32563
1241.97 -6.09437
1242.17 -18.941
1242.37 -12.499
1242.57 3.48691
1242.76 -12.4622
1242.96 -6.09208
1276.02 -13.9322
1276.22 -0.375194
1276.42 -8.50959
1276.62 5.04749
1276.82 2.33565
1277.02 -5.79718
1277.22 -3.08644
1277.42 -3.08626
1277.61 -3.08595
1277.81 -8.49008
1278.01 -5.78181
1278.21 -5.7733
1278.41 7.63677
1278.61 2.25346
1278.81 2.22327
1279.01 7.44342
1279.21 -10.8723
1279.41 -0.477941
1279.61 2.04556
1279.81 -3.02367
1280 -3.00589
1280.2 6.78363
1280.4 -0.554804
1280.6 -2.95534
1280.8 1.81476
1281 -10.0743
1281.2 -0.564921
1281.4 -0.560178
1281.6 4.29197
1281.8 -12.7982
1282 -0.526774
1282.19 -5.54716
1282.39 -3.04357
1282.59 2.1118
1282.79 2.15879
1282.99 2.20049
1283.19 -0.420559
1283.39 -3.08058
1283.59 -11.1397
1283.79 -16.5606
1283.99 -13.8947
1284.19 -3.08615
1284.39 7.75695
1284.58 -3.08687
1284.78 -8.51681
1284.98 2.34469
1285.18 2.346
1285.38 -3.0873
1285.58 -3.08734
1285.78 2.34794
1327.6 -16.7408
1327.8 -30.7412
1328 -45.3779
1328.2 -20.1153
1328.4 -73.3255
1328.6 -85.8641
1328.79 -97.176
1328.99 -288.97
1329.19 -460.604
1329.39 -478.866
1329.59 -1004.9
1329.79 -1457.6
1329.99 -2260.18
1330.19 -3340.78
1330.39 -4269.91
1330.59 -5764.82
1330.79 -7981.42
1330.99 -10037.2
1331.18 -12494.8
1331.38 -15141.9
1331.58 -16947.6
1331.78 -19260.8
1331.98 -22381
1332.18 -21931.4
1332.38 -23804.1
1332.58 -23202.8
1332.78 -23683.6
1332.98 -21905.4
1333.18 -20820.9
1333.37 -18921.1
1333.57 -15241.7
1333.77 -12787.4
1333.97 -10471.5
1334.17 -8416.19
1334.37 -5776.2
1334.57 -4622.64
1334.77 -3178.97
1334.97 -2381.67
1335.17 -1664.33
1335.37 -880.117
1335.57 -479.085
1335.76 -250.513
1335.96 -178.843
1336.16 -54.3406
1336.36 -29.8767
1336.56 -12.8083
1336.76 10.8441
1336.96 -0.569044
1337.16 1.22957
1337.36 1.63446
1372.81 2.06111
1373 2.0009
1373.2 2.05976
1373.4 2.00083
1373.6 2.0559
1373.8 2.00067
1374 2.04601
1374.2 2.00034
1374.4 1.97691
1374.6 2
1374.8 2.00013
1375 1.94085
1375.2 2.00295
1375.39 2.1815
1375.59 2.01574
1375.79 2.38862
1375.99 1.57181
1376.19 2.08883
1376.39 2.13842
1376.59 1.22786
1376.79 2.28289
1376.99 1.01599
1377.19 0.934805
1377.39 4.17096
1377.58 2.56161
1377.78 0.852252
1377.98 0.885192
1378.18 0.946134
1378.38 1.03062
1378.58 1.13276
1378.78 3.13907
1378.98 2.12977
1379.18 1.47891
1379.38 2.04944
1379.58 1.68578
1379.78 1.77112
1379.97 1.84274
1380.17 2.00254
1380.37 2.00073
1380.57 2.00009
1380.77 1.99304
1380.97 1.97492
1381.17 2.00036
1381.37 2.04689
1381.57 2.00068
1381.77 2.00078
1381.97 1.94318
1382.17 1.94188
1382.36 2.0009
1382.56 1.88046
1396.5 1.34388
1396.7 2.37492
1396.9 2.03126
1397.1 2.37446
1397.3 1.6883
1397.5 2.03101
1397.7 2.03082
1397.9 2.03051
1398.1 2.3671
1398.3 2.02941
1398.49 2.35693
1398.69 2.34875
1398.89 1.40134
1399.09 2.02368
1399.29 2.02128
1399.49 1.7523
1399.69 2.01553
1399.89 1.79343
1400.09 2.00945
1400.29 2.16871
1400.49 1.87204
1400.69 2.00277
1400.88 2.0016
1401.08 2.06064
1401.28 2.04714
1401.48 2.0416
1401.68 2.04442
1401.88 1.89146
1402.08 1.92893
1402.28 2.09807
1402.48 1.758
1402.68 1.85382
1402.88 2.0085
1403.08 1.80158
1403.27 2.01445
1403.47 2.27598
1403.67 2.02022
1403.87 2.0226
1404.07 2.32965
1404.27 2.02588
1404.47 2.34475
1404.67 1.38831
1404.87 2.34349
1405.07 2.02547
1405.27 2.0238
1405.46 2.02149
1405.66 2.01859
1405.86 2.01522
1406.06 2.22305
1406.26 1.65623
1406.46 1.86913
1406.66 2.09386
1406.86 1.95446
1407.06 1.99905
1407.26 2.04129
1407.46 1.92502
1407.66 1.89977
1407.85 2.12121
1408.05 1.88353
1408.25 2.00293
1408.45 2.08825
1408.65 1.94706
1408.85 1.98641
1409.05 2.00024
1409.25 2.07789
1409.45 2.00374
1409.65 2.00681
1409.85 1.81021
1410.05 2.01405
1410.24 1.758
1410.44 1.45758
1410.64 2.0235
1410.84 2.33791
1411.04 1.70529
1411.24 1.69941
1411.44 2.02956
1411.64 2.36791
1411.84 1.01057
1412.04 1.68939
1412.24 2.3735
1412.43 2.37418
1412.63 2.03124
1412.83 1.68771
1455.85 1.06273
1456.05 1.56486
1456.25 2.07
1456.45 2.58192
1456.64 1.55582
1456.84 1.54863
1457.04 2.08094
1457.24 2.65532
1457.44 2.10007
1457.64 2.11761
1457.84 1.43043
1458.04 1.38503
1458.24 1.33568
1458.44 3.34407
1458.64 2.42245
1458.84 1.2288
1459.03 2.73829
1459.23 2.94997
1459.43 -0.505778
1459.63 -6.59824
1459.83 3.72351
1460.03 1.69703
1460.23 1.82051
1460.43 -5.45662
1460.63 -5.52604
1460.83 -0.509762
1461.03 -10.5269
1461.23 -2.99457
1461.42 -0.56631
1461.62 1.6876
1461.82 -4.88404
1462.02 1.43632
1462.22 3.17463
1462.42 1.26846
1462.62 4.21797
1462.82 3.87507
1463.02 -1.07597
1463.22 2.31061
1463.42 3.12982
1463.61 1.38762
1463.81 2.1422
1464.01 1.47043
1464.21 1.50023
1464.41 2.65379
1464.61 2.62324
1464.81 1.54893
1465.01 1.55598
1465.21 1.04982
1465.41 2.06998
1465.61 1.06044
1504.24 1.04194
1504.44 1.04222
1504.64 1.04271
1504.84 1.04352
1505.04 2.34342
1505.24 2.34155
1505.44 2.3387
1505.63 1.0547
1505.83 2.32841
1506.03 1.07115
1506.23 1.0844
1506.43 2.29395
1506.63 2.27563
1506.83 1.15415
1507.03 1.18966
1507.23 2.20116
1507.43 1.28005
1507.63 2.14417
1507.82 2.11746
1508.02 2.09364
1508.22 1.50549
1508.42 1.55762
1508.62 2.48952
1508.82 1.63589
1509.02 1.6569
1509.22 2.03193
1509.42 2.03358
1509.62 1.63323
1509.82 2.04671
1510.02 2.0589
1510.21 2.07522
1510.41 2.7478
1510.61 1.38534
1510.81 3.78252
1511.01 2.17502
1511.21 1.22798
1511.41 1.1865
1511.61 1.1516
1511.81 2.27718
1512.01 1.10062
1512.21 1.08331
1512.41 2.32064
1512.6 2.32887
1512.8 1.05436
1513 2.3389
1513.2 1.04674
1513.4 4.94102
1513.6 1.04347
1513.8 2.34538
1514 1.04221
1656.39 0.958054
1656.59 2.43004
1656.78 0.958085
1656.98 0.958115
1657.18 0.958162
1657.38 2.42986
1657.58 0.958335
1657.78 3.90069
1657.98 2.42936
1658.18 0.958968
1658.38 0.959338
1658.58 0.959814
1658.78 0.960413
1658.98 2.4267
1659.17 0.962006
1659.37 0.962999
1659.57 0.964104
1659.77 2.42224
1659.97 2.42092
1660.17 0.96774
1660.37 0.96889
1660.57 0.96991
1660.77 0.97074
1660.97 2.4158
1661.17 2.41547
1661.36 0.971652
1661.56 3.86016
1661.76 0.970799
1661.96 0.969987
1662.16 2.41829
1662.36 2.41951
1662.56 0.966627
1662.76 0.965399
1662.96 0.964207
1663.16 0.963095
1663.36 3.88926
1663.56 2.42662
1663.75 0.960477
1663.95 2.42808
1664.15 2.42861
1664.35 0.959002
1664.55 2.42933
1664.75 0.958502
1664.95 0.95835
1665.15 0.958243
1665.35 0.958169
1665.55 5.3737
1665.75 0.958088
1665.95 0.958068
1666.14 2.43005
1724.69 0.58301
1724.89 3.04628
1725.09 0.585286
1725.29 0.587464
1725.49 0.590776
1725.69 0.595695
1725.89 0.602827
1726.09 0.612917
1726.29 2.94725
1726.49 2.90705
1726.68 2.85682
1726.88 2.7965
1727.08 2.72698
1727.28 0.788399
1727.48 2.56903
1727.68 2.48694
1727.88 0.979187
1728.08 1.05512
1728.28 1.13353
1728.48 2.21426
1728.68 1.28452
1728.87 1.34963
1729.07 2.11211
1729.27 2.75199
1729.47 2.08868
1729.67 2.08788
1729.87 2.09411
1730.07 2.10782
1730.27 2.12988
1730.47 2.16134
1730.67 1.22875
1730.87 1.15183
1731.07 1.07337
1731.26 0.996709
1731.46 0.924557
1731.66 0.858935
1731.86 0.801114
1732.06 0.751668
1732.26 2.78024
1732.46 2.84279
1732.66 0.651177
1732.86 0.631102
1733.06 0.616086
1733.26 0.605129
1733.46 0.597329
1733.65 0.591908
1733.85 0.58823
1734.05 3.04167
1734.25 3.04548
1734.45 0.583217
1759.54 0.64078
1759.74 0.64248
1759.94 2.90792
1760.14 0.649384
1760.34 0.655761
1760.54 0.665218
1760.74 2.83973
1760.94 2.80285
1761.14 0.724999
1761.34 2.69357
1761.53 2.62032
1761.73 0.868745
1761.93 0.94421
1762.13 1.03584
1762.33 2.26119
1762.53 3.09041
1762.73 1.40631
1762.93 2.05834
1763.13 1.70955
1763.33 2.00486
1763.53 2.01089
1763.72 2.14333
1763.92 2.01487
1764.12 2.02545
1764.32 2.03295
1764.52 0.582753
1764.72 2.03112
1764.92 2.31405
1765.12 1.80063
1765.32 1.90087
1765.52 2.03379
1765.72 1.81686
1765.92 2.03226
1766.11 1.50884
1766.31 1.36313
1766.51 1.22918
1766.71 1.10991
1766.91 1.00684
1767.11 0.920283
1767.31 0.849543
1767.51 4.49234
1767.71 0.74957
1767.91 0.716537
1768.11 2.81433
1768.31 2.84816
1768.5 0.662252
1768.7 0.653771
1768.9 0.64808
1769.1 2.90967
1769.3 0.641959
1842.39 0.611847
1842.59 0.612005
1842.79 2.97976
1842.98 0.61264
1843.18 0.613222
1843.38 0.61408
1843.58 0.615318
1843.78 2.96893
1843.98 0.619465
1844.18 0.622694
1844.38 0.626935
1844.58 2.93523
1844.78 0.639152
1844.98 0.647414
1845.17 5.10881
1845.37 0.668508
1845.57 0.681166
1845.77 4.92336
1845.97 0.709361
1846.17 2.75625
1846.37 0.738183
1846.57 2.70952
1846.77 0.762622
1846.97 0.771574
1847.17 0.777628
1847.37 2.66255
1847.56 0.779795
1847.76 0.77578
1847.96 2.68123
1848.16 0.758737
1848.36 2.71719
1848.56 0.733125
1848.76 0.718713
1848.96 0.704105
1849.16 0.689876
1849.36 0.6765
1849.56 0.664324
1849.76 0.653569
1849.95 2.9097
1850.15 0.636618
1850.35 2.93964
1850.55 0.625348
1850.75 0.621487
1850.95 5.31255
1851.15 0.616412
1851.35 0.614857
1851.55 0.613762
1851.75 2.97806
1851.95 0.612498
1852.14 0.612163
1852.34 0.611948
2113.62 0.413591
2113.82 0.41286
2114.02 0.411779
2114.22 3.57865
2114.42 0.408002
2114.62 0.404927
2114.82 0.400746
2115.01 0.39518
2115.21 0.387928
2115.41 0.37868
2115.61 0.367149
2115.81 0.353094
2116.01 7.46726
2116.21 4.0015
2116.41 0.294863
2116.61 0.270535
2116.81 0.244432
2117.01 4.6568
2117.21 0.189942
2117.4 5.17181
2117.6 0.139027
2117.8 0.117683
2118 0.100502
2118.2 0.0883636
2118.4 0.0819111
2118.6 0.0814918
2118.8 0.0871272
2119 0.0985108
2119.2 0.115036
2119.4 0.13585
2119.6 0.159925
2119.79 0.186144
2119.99 0.213385
2120.19 0.240597
2120.39 0.266864
2120.59 0.291449
2120.79 0.313814
2120.99 0.333626
2121.19 0.350737
2121.39 0.365162
2121.59 0.377042
2121.79 0.386606
2121.98 0.394137
2122.18 0.399939
2122.38 0.404316
2122.58 0.407548
2122.78 3.57993
2122.98 0.411544
2123.18 0.412695
2123.38 0.413478
2153.65 0.406475
2153.85 0.408136
2154.05 0.410578
2154.25 0.414098
2154.45 0.419072
2154.64 0.425958
2154.84 0.435297
2155.04 0.447703
2155.24 0.463838
2155.44 0.484378
2155.64 3.2431
2155.84 0.541118
2156.04 0.5782
2156.24 0.621296
2156.44 2.85694
2156.64 0.724124
2156.84 2.65992
2157.03 0.842576
2157.23 0.903584
2157.43 2.42483
2157.63 2.36862
2157.83 1.06648
2158.03 1.10599
2158.23 3.40218
2158.43 1.15068
2158.63 1.15351
2158.83 1.1429
2159.03 1.11941
2159.22 1.0843
2159.42 2.34846
2159.62 0.986758
2159.82 2.46262
2160.02 0.868461
2160.22 2.6213
2160.42 4.68025
2160.62 0.692643
2160.82 2.91553
2161.02 3.01725
2161.22 0.556421
2161.42 0.522794
2161.61 0.494901
2161.81 0.472279
2162.01 0.454331
2162.21 0.440394
2162.41 3.50498
2162.61 0.421905
2162.81 3.55587
2163.01 0.412031
2163.21 3.58281
2163.41 0.407164
2199.05 0.285897
2199.25 0.286966
2199.45 0.288539
2199.65 4.14728
2199.85 0.294024
2200.05 0.298483
2200.25 4.06871
2200.45 0.312624
2200.65 0.323166
2200.85 0.336639
2201.05 0.353494
2201.24 0.374122
2201.44 0.398808
2201.64 0.427675
2201.84 0.46063
2202.04 0.497316
2202.24 0.537083
2202.44 3.05826
2202.64 2.95848
2202.84 5.07489
2203.04 2.79255
2203.24 2.72888
2203.43 0.770106
2203.63 0.793332
2203.83 0.808288
2204.03 0.814198
2204.23 0.810754
2204.43 0.79814
2204.63 0.777015
2204.83 0.748456
2205.03 0.713871
2205.23 0.674878
2205.43 0.633184
2205.63 0.590465
2205.82 3.13658
2206.02 3.24926
2206.22 3.36532
2206.42 0.436345
2206.62 0.406384
2206.82 0.380591
2207.02 0.358896
2207.22 0.341053
2207.42 3.95044
2207.62 0.31539
2207.82 0.306669
2208.02 0.300081
2208.21 0.295203
2208.41 0.291663
2208.61 0.289144
2208.81 0.287387
2442.81 0.204825
2443 0.204806
2443.2 4.76272
2443.4 0.204742
2443.6 0.204691
2443.8 0.204624
2444 4.76486
2444.2 0.204423
2444.4 0.204281
2444.6 0.204106
2444.8 0.203895
2445 0.203646
2445.2 4.77524
2445.39 0.203029
2445.59 0.202666
2445.79 0.202275
2445.99 0.201863
2446.19 0.201441
2446.39 0.201024
2446.59 0.200625
2446.79 0.200261
2446.99 0.199945
2447.19 0.199693
2447.39 0.199516
2447.59 4.81038
2447.78 0.199415
2447.98 0.199497
2448.18 0.199662
2448.38 0.199904
2448.58 0.20021
2448.78 0.200568
2448.98 0.200962
2449.18 0.201378
2449.38 4.78906
2449.58 0.202212
2449.78 0.202607
2449.98 0.202974
2450.17 0.203307
2450.37 0.203602
2450.57 0.203857
2450.77 0.204074
2450.97 0.204254
2451.17 0.204401
2451.37 0.204518
2451.57 0.20461
2451.77 0.20468
2451.97 0.204734
2452.17 0.204773
2452.36 0.204802
2452.56 0.204822
2609.49 0.0311717
2609.69 0.0372762
2609.89 0.0457785
2610.09 0.0574186
2610.29 0.0730801
2610.49 0.093786
2610.68 0.120679
2610.88 0.154986
2611.08 0.197957
2611.28 0.250789
2611.48 0.314523
2611.68 0.389927
2611.88 0.477368
2612.08 3.06389
2612.28 0.68709
2612.48 0.807055
2612.68 2.45651
2612.87 3.58347
2613.07 2.22307
2613.27 1.32628
2613.47 1.4465
2613.67 2.05864
2613.87 1.64426
2614.07 2.64094
2614.27 2.27276
2614.47 2.2485
2614.67 2.01428
2614.87 1.73609
2615.07 1.67676
2615.26 1.59506
2615.46 2.0772
2615.66 1.37932
2615.86 1.25398
2616.06 1.12307
2616.26 0.990979
2616.46 0.861625
2616.66 4.72439
2616.86 0.623685
2617.06 0.519534
2617.26 0.426972
2617.46 3.85293
2617.65 0.277717
2617.85 0.220264
2618.05 0.173124
2618.25 0.135162
2618.45 0.105145
2618.65 0.0818339
2618.85 0.064048
2619.05 0.0507135
2619.25 0.0408879
