==> pb210-1.5in.dat <==
pb210  pb210  46.5390 9.821372e-04 5.480325e-05 5.480325e-05 2.056065e+05 4.112129e+03 4.130087e+03 4.108472e+03 4.250000e-02 4.000000e-04 8.582185e+00 4.788859e-01

==> pb210-1in.dat <==
pb210  pb210  46.5390 5.134331e-04 2.309750e-05 2.309750e-05 2.056065e+05 4.112129e+03 4.116938e+03 4.100055e+03 4.250000e-02 4.000000e-04 4.486520e+00 2.018323e-01

==> pb210-2.5in.dat <==
pb210  pb210  46.5390 1.452034e-03 9.833780e-05 9.833780e-05 2.056065e+05 4.112129e+03 4.122934e+03 4.106350e+03 4.250000e-02 4.000000e-04 1.268827e+01 8.593027e-01

==> pb210.dat <==
pb210  pb210  46.5390 3.388533e-03 3.182897e-05 3.182897e-05 2.056065e+05 4.112129e+03 4.129149e+03 4.110418e+03 4.250000e-02 4.000000e-04 2.960993e+01 2.781303e-01

==> pb210-outer.dat <==
pb210  pb210  46.5390 1.927988e-03 1.018539e-04 1.018539e-04 2.056065e+05 4.112129e+03 4.122090e+03 4.109006e+03 4.250000e-02 4.000000e-04 1.684729e+01 8.900277e-01
