661.802 -15798.7
662.001 -14743.8
662.2 -13711.8
662.399 -11456.9
662.599 -9833.76
662.798 -7118.97
662.997 -5313.26
663.196 -3933.29
663.395 -3003.07
663.595 -1761.74
663.794 -1221.09
663.993 -504.837
664.192 -290.858
664.391 -171.757
664.591 -50.0669
664.79 -15.9689
664.989 -17.1796
665.188 -6.07818
665.387 -2.99512
665.587 3.41644
665.786 4.53832
665.985 2.56325
666.184 2.31114
666.383 2.12416
666.583 2.2693
666.782 1.78698
666.981 2.13074
667.18 3.75973
667.38 2.76347
667.579 3.25991
667.778 14.3294
667.977 4.47445
668.176 0.169921
668.376 0.1252
668.575 0.0981981
668.774 19.2053
668.973 0.0739231
669.172 6.79363
669.372 0.0669739
669.571 6.89362
669.77 0.065286
669.969 0.0650427
1168.38 0.121313
1168.58 0.12186
1168.78 0.122745
1168.98 5.68308
1169.18 0.126295
1169.38 0.129528
1169.57 0.134265
1169.77 0.14103
1169.97 0.150449
1170.17 0.163224
1170.37 4.9949
1170.57 0.201792
1170.77 0.228919
1170.97 0.261884
1171.17 0.300774
1171.37 0.345255
1171.57 0.394485
1171.77 0.447082
1171.97 3.2692
1172.16 3.12073
1172.36 0.603896
1172.56 0.647237
1172.76 2.83424
1172.96 0.705269
1173.16 0.716291
1173.36 0.71409
1173.56 2.80184
1173.76 0.671483
1173.96 0.633843
1174.16 0.588214
1174.36 0.537235
1174.56 0.483622
1174.75 6.57904
1174.95 0.37837
1175.15 0.330668
1175.35 0.288021
1175.55 0.251092
1175.75 0.220068
1175.95 0.194748
1176.15 0.174654
1176.35 0.159135
1176.55 0.147462
1176.75 0.138908
1176.95 0.132797
1177.14 0.128541
1177.34 0.125648
1177.54 0.12373
1177.74 0.122489
1177.94 0.121705
1178.14 0.121222
1327.54 0.00131234
1327.74 0.00209189
1327.94 0.00328944
1328.14 0.0050896
1328.34 0.00773705
1328.54 0.0115456
1328.74 0.0169037
1328.94 0.024274
1329.14 0.0341833
1329.34 0.0472013
1329.54 0.0639047
1329.74 0.0848268
1329.93 0.110394
1330.13 0.140854
1330.33 0.176197
1330.53 0.21609
1330.73 0.259824
1330.93 0.306291
1331.13 3.81722
1331.33 3.61436
1331.53 0.445644
1331.73 0.485415
1331.93 0.5184
1332.13 0.542807
1332.33 0.557263
1332.52 0.560934
1332.72 0.553611
1332.92 0.535725
1333.12 0.50831
1333.32 3.35694
1333.52 0.431383
1333.72 0.385851
1333.92 0.338408
1334.12 0.291027
1334.32 0.245413
1334.52 4.77902
1334.72 5.16003
1334.91 0.130827
1335.11 0.102004
1335.31 0.0779922
1335.51 0.0584799
1335.71 0.0430035
1335.91 0.0310148
1336.11 0.0219403
1336.31 0.015226
1336.51 0.010368
1336.71 0.00692991
1336.91 0.00454931
1337.11 0.00293618
1337.31 0.00186628
1455.83 0.00544315
1456.03 0.00837073
1456.23 0.0127032
1456.43 0.0189881
1456.63 0.027924
1456.83 0.0403739
1457.03 0.0573682
1457.23 0.0800896
1457.43 0.109837
1457.63 0.147959
1457.82 0.195764
1458.02 0.254393
1458.22 0.324675
1458.42 0.406967
1458.62 3.26961
1458.82 2.99469
1459.02 0.719237
1459.22 2.57672
1459.42 2.42722
1459.62 2.31185
1459.82 1.19384
1460.02 2.16407
1460.21 2.12193
1460.41 2.09513
1460.61 1.48529
1460.81 2.07549
1461.01 1.48712
1461.21 1.44845
1461.41 1.38565
1461.61 2.1605
1461.81 2.22059
1462.01 1.08922
1462.21 0.969806
1462.41 0.848139
1462.61 0.728563
1462.8 5.33357
1463 0.509492
1463.2 3.56108
1463.4 0.331696
1463.6 0.260562
1463.8 0.201066
1464 0.152421
1464.2 0.113513
1464.4 0.083056
1464.6 0.0597132
1464.8 0.0421904
1465 0.0293028
1465.19 0.0200139
1465.39 0.0134513
1465.59 0.0089055
1465.79 0.00581792
1759.62 0.00133123
1759.82 0.00181618
1760.02 0.00247577
1760.22 0.00335788
1760.42 0.00451759
1760.62 0.00601616
1760.81 0.00791903
1761.01 0.0102927
1761.21 0.0132006
1761.41 0.0166978
1761.61 0.0208251
1761.81 0.025602
1762.01 0.0310209
1762.21 0.0370407
1762.41 0.0435826
1762.61 0.0505283
1762.81 7.14833
1763.01 0.0649639
1763.21 0.0720393
1763.4 0.0787066
1763.6 0.0847214
1763.8 0.0898492
1764 0.09388
1764.2 0.0966431
1764.4 0.0980183
1764.6 0.0979455
1764.8 0.0964284
1765 0.0935344
1765.2 0.0893895
1765.4 0.0841697
1765.6 0.0780879
1765.8 0.07138
1765.99 0.0642899
1766.19 0.0570548
1766.39 0.0498927
1766.59 0.0429926
1766.79 0.0365076
1766.99 0.0305518
1767.19 0.0251994
1767.39 0.020488
1767.59 0.0164224
1767.79 0.012981
1767.99 0.0101219
1768.19 0.00778949
1768.38 0.00592045
1768.58 0.00444878
1768.78 0.00330984
1768.98 0.00244329
1769.18 0.001795
1769.38 0.001318
2609.63 0.00396417
2609.83 0.00504424
2610.03 0.00635628
2610.22 0.00793109
2610.42 0.00979841
2610.62 0.0119854
2610.82 0.0145145
2611.02 0.0174021
2611.22 0.0206557
2611.42 0.0242722
2611.62 0.0282363
2611.82 0.0325187
2612.02 0.0370752
2612.22 0.0418463
2612.42 0.0467576
2612.61 0.0517214
2612.81 0.0566383
2613.01 0.0614007
2613.21 0.065896
2613.41 0.0700112
2613.61 0.0736378
2613.81 0.0766758
2614.01 0.0790391
2614.21 0.0806587
2614.41 0.081487
2614.61 0.0814992
2614.81 0.0806952
2615.01 0.0790993
2615.2 0.0767589
2615.4 0.0737424
2615.6 0.0701358
2615.8 0.0660384
2616 0.0615588
2616.2 7.1792
2616.4 0.051903
2616.6 0.0469466
2616.8 0.0420397
2617 0.0372701
2617.2 0.0327121
2617.4 0.0284255
2617.59 0.0244547
2617.79 0.0208294
2617.99 0.0175654
2618.19 0.0146659
2618.39 0.012124
2618.59 0.00992374
2618.79 0.00804298
2618.99 0.00645494
2619.19 0.00513017
2619.39 0.0040381
