na22   na22   1274.5370 1.047659e-03 6.426206e-06 6.426206e-06 2.634066e+04 3.951100e+02 3.975105e+02 3.928649e+02 9.994000e-01 1.400000e-04 2.757947e+01 1.691690e-01
co60   co60   1173.2280 1.117143e-03 7.101020e-06 7.101020e-06 2.993836e+04 4.490753e+02 -4.467296e+02 -4.512686e+02 9.985000e-01 3.000000e-04 3.339526e+01 2.122740e-01
co60   co60   1332.4920 1.037242e-03 6.629083e-06 6.629083e-06 2.993836e+04 4.490753e+02 -4.467296e+02 -4.512686e+02 9.998260e-01 6.000000e-06 3.104793e+01 1.984293e-01
ba133  ba133  53.1622 3.479884e-03 7.327459e-05 7.327459e-05 3.474670e+04 5.212005e+02 5.229254e+02 5.198172e+02 2.140000e-02 3.000000e-04 2.587570e+00 5.448548e-02
ba133  ba133  79.6142 5.525319e-03 2.862192e-04 2.862192e-04 3.474670e+04 5.212005e+02 5.229254e+02 5.198172e+02 2.650000e-02 5.000000e-04 5.087645e+00 2.635471e-01
ba133  ba133  80.9979 3.693008e-03 2.343264e-05 2.343264e-05 3.474670e+04 5.212005e+02 5.229254e+02 5.198172e+02 3.290000e-01 3.000000e-03 4.221722e+01 2.678741e-01
ba133  ba133  160.6120 3.494982e-03 2.901915e-04 2.901915e-04 3.474670e+04 5.212005e+02 5.229254e+02 5.198172e+02 6.380000e-03 5.000000e-05 7.747814e-01 6.433079e-02
ba133  ba133  223.2368 2.967511e-03 2.334418e-04 2.334418e-04 3.474670e+04 5.212005e+02 5.229254e+02 5.198172e+02 4.530000e-03 3.000000e-05 4.670939e-01 3.674434e-02
ba133  ba133  276.3989 2.545975e-03 3.257881e-05 3.257881e-05 3.474670e+04 5.212005e+02 5.229254e+02 5.198172e+02 7.160000e-02 5.000000e-04 6.334039e+00 8.105165e-02
ba133  ba133  302.8508 2.470107e-03 1.512598e-05 1.512598e-05 3.474670e+04 5.212005e+02 5.229254e+02 5.198172e+02 1.834000e-01 1.300000e-03 1.574087e+01 9.639098e-02
ba133  ba133  356.0129 2.251878e-03 7.462434e-06 7.462434e-06 3.474670e+04 5.212005e+02 5.229254e+02 5.198172e+02 6.205000e-01 1.900000e-03 4.855123e+01 1.608925e-01
ba133  ba133  383.8485 2.145196e-03 4.141674e-05 4.141674e-05 3.474670e+04 5.212005e+02 5.229254e+02 5.198172e+02 8.940000e-02 6.000000e-04 6.663739e+00 1.286551e-01
cs137  cs137  661.6570 1.516164e-03 4.673164e-05 4.673164e-05 4.300188e+04 6.450281e+02 6.489391e+02 6.428840e+02 8.510000e-01 2.000000e-03 5.548341e+01 1.710125e+00
eu152  eu152b 344.2785 2.270046e-03 3.948253e-05 3.948253e-05 3.351812e+04 5.027718e+02 5.049125e+02 5.000698e+02 2.659000e-01 2.000000e-03 2.023171e+01 3.518868e-01
eu152  eu152b 367.7891 2.050072e-03 1.626210e-04 1.626210e-04 3.351812e+04 5.027718e+02 5.049125e+02 5.000698e+02 8.590000e-03 6.000000e-05 5.902580e-01 4.682193e-02
eu152  eu152b 411.1165 1.951397e-03 8.351620e-05 8.351620e-05 3.351812e+04 5.027718e+02 5.049125e+02 5.000698e+02 2.237000e-02 1.300000e-04 1.463158e+00 6.262047e-02
eu152  eu152b 586.2648 1.589528e-03 2.319410e-04 2.319410e-04 3.351812e+04 5.027718e+02 5.049125e+02 5.000698e+02 4.550000e-03 4.000000e-05 2.424149e-01 3.537273e-02
eu152  eu152b 678.6230 1.457672e-03 2.121694e-04 2.121694e-04 3.351812e+04 5.027718e+02 5.049125e+02 5.000698e+02 4.730000e-03 4.000000e-05 2.311003e-01 3.363748e-02
eu152  eu152b 778.9045 1.414206e-03 2.653865e-05 2.653865e-05 3.351812e+04 5.027718e+02 5.049125e+02 5.000698e+02 1.293000e-01 8.000000e-04 6.129015e+00 1.150157e-01
eu152  eu152b 1299.1420 1.062871e-03 6.297193e-05 6.297193e-05 3.351812e+04 5.027718e+02 5.049125e+02 5.000698e+02 1.633000e-02 1.100000e-04 5.817632e-01 3.446774e-02
eu152  eu152e 121.7817 3.124564e-03 5.011834e-05 5.011834e-05 3.351812e+04 5.027718e+02 5.049125e+02 5.000698e+02 2.853000e-01 1.600000e-03 2.987933e+01 4.792676e-01
eu152  eu152e 244.6974 2.692652e-03 7.216333e-05 7.216333e-05 3.351812e+04 5.027718e+02 5.049125e+02 5.000698e+02 7.550000e-02 4.000000e-04 6.814073e+00 1.826178e-01
eu152  eu152e 295.9387 1.993532e-03 4.054999e-04 4.054999e-04 3.351812e+04 5.027718e+02 5.049125e+02 5.000698e+02 4.400000e-03 4.000000e-05 2.940056e-01 5.980300e-02
eu152  eu152e 488.6792 1.407041e-03 2.438475e-04 2.438475e-04 3.351812e+04 5.027718e+02 5.049125e+02 5.000698e+02 4.140000e-03 3.000000e-05 1.952481e-01 3.383750e-02
eu152  eu152e 563.9860 1.733715e-03 2.246297e-04 2.246297e-04 3.351812e+04 5.027718e+02 5.049125e+02 5.000698e+02 4.940000e-03 5.000000e-05 2.870676e-01 3.719408e-02
eu152  eu152e 688.6700 1.479198e-03 1.361972e-04 1.361972e-04 3.351812e+04 5.027718e+02 5.049125e+02 5.000698e+02 8.560000e-03 6.000000e-05 4.244041e-01 3.907702e-02
eu152  eu152e 719.3460 1.775375e-03 3.672252e-04 3.672252e-04 3.351812e+04 5.027718e+02 5.049125e+02 5.000698e+02 2.500000e-03 8.000000e-05 1.487680e-01 3.077175e-02
eu152  eu152e 810.4510 1.411700e-03 2.764984e-04 2.764984e-04 3.351812e+04 5.027718e+02 5.049125e+02 5.000698e+02 3.170000e-03 3.000000e-05 1.499965e-01 2.937863e-02
eu152  eu152e 867.3800 1.385568e-03 4.761367e-05 4.761367e-05 3.351812e+04 5.027718e+02 5.049125e+02 5.000698e+02 4.230000e-02 3.000000e-04 1.964481e+00 6.750745e-02
eu152  eu152e 919.3370 1.197072e-03 1.967072e-04 1.967072e-04 3.351812e+04 5.027718e+02 5.049125e+02 5.000698e+02 4.190000e-03 5.000000e-05 1.681179e-01 2.762574e-02
eu152  eu152e 926.3100 1.128485e-03 2.749212e-04 2.749212e-04 3.351812e+04 5.027718e+02 5.049125e+02 5.000698e+02 2.720000e-03 3.000000e-05 1.028831e-01 2.506437e-02
eu152  eu152e 964.0570 1.270195e-03 3.434037e-05 3.434037e-05 3.351812e+04 5.027718e+02 5.049125e+02 5.000698e+02 1.451000e-01 7.000000e-04 6.177566e+00 1.670136e-01
eu152  eu152e 1005.2700 1.134067e-03 1.280557e-04 1.280557e-04 3.351812e+04 5.027718e+02 5.049125e+02 5.000698e+02 6.590000e-03 1.100000e-04 2.504977e-01 2.828550e-02
eu152  eu152e 1112.0760 1.091123e-03 2.236649e-05 2.236649e-05 3.351812e+04 5.027718e+02 5.049125e+02 5.000698e+02 1.367000e-01 8.000000e-04 4.999445e+00 1.024816e-01
eu152  eu152e 1212.9480 1.147729e-03 7.737896e-05 7.737896e-05 3.351812e+04 5.027718e+02 5.049125e+02 5.000698e+02 1.415000e-02 8.000000e-05 5.443465e-01 3.669940e-02
eu152  eu152e 1408.0130 9.849843e-04 1.684377e-05 1.684377e-05 3.351812e+04 5.027718e+02 5.049125e+02 5.000698e+02 2.087000e-01 9.000000e-04 6.890193e+00 1.178260e-01
eu152  eu152e 1457.6430 1.028670e-03 1.195378e-04 1.195378e-04 3.351812e+04 5.027718e+02 5.049125e+02 5.000698e+02 4.970000e-03 4.000000e-05 1.713611e-01 1.991322e-02
eu152  eu152e 1528.1000 1.194579e-03 1.633000e-04 1.633000e-04 3.351812e+04 5.027718e+02 5.049125e+02 5.000698e+02 2.790000e-03 3.000000e-05 1.117117e-01 1.527109e-02
eu152  eu152e 566.4380 2.433125e-03 7.274545e-04 7.274545e-04 3.351812e+04 5.027718e+02 5.049125e+02 5.000698e+02 1.310000e-03 3.000000e-05 1.068354e-01 3.194161e-02
pb210  pb210  46.5390 3.401962e-03 1.266176e-04 1.266176e-04 2.056073e+05 4.112147e+03 -4.101692e+03 -4.134425e+03 4.250000e-02 4.000000e-04 2.972740e+01 1.106424e+00
ra226  ra226  186.2110 3.088480e-03 8.583832e-05 8.583832e-05 3.032779e+04 4.549168e+02 4.575023e+02 4.534925e+02 3.640000e-02 4.000000e-04 3.409471e+00 9.475963e-02
ra226  pb214  53.2284 3.579585e-03 1.894433e-04 1.894433e-04 3.032779e+04 4.549168e+02 4.575023e+02 4.534925e+02 1.075000e-02 7.000000e-05 1.167030e+00 6.176301e-02
ra226  pb214  241.9950 2.687422e-03 4.437680e-05 4.437680e-05 3.032779e+04 4.549168e+02 4.575023e+02 4.534925e+02 7.251000e-02 1.600000e-04 5.909825e+00 9.758760e-02
ra226  pb214  258.8600 2.830987e-03 3.500758e-04 3.500758e-04 3.032779e+04 4.549168e+02 4.575023e+02 4.534925e+02 5.310000e-03 4.000000e-05 4.559037e-01 5.637640e-02
ra226  pb214  274.8000 2.877429e-03 4.722666e-04 4.722666e-04 3.032779e+04 4.549168e+02 4.575023e+02 4.534925e+02 3.550000e-03 1.000000e-04 3.097945e-01 5.084595e-02
ra226  pb214  295.2228 2.383890e-03 2.186562e-05 2.186562e-05 3.032779e+04 4.549168e+02 4.575023e+02 4.534925e+02 1.842000e-01 4.000000e-04 1.331731e+01 1.221497e-01
ra226  pb214  351.9321 2.191648e-03 1.408774e-05 1.408774e-05 3.032779e+04 4.549168e+02 4.575023e+02 4.534925e+02 3.560000e-01 7.000000e-04 2.366255e+01 1.521011e-01
ra226  pb214  462.0200 2.376545e-03 4.119383e-04 4.119383e-04 3.032779e+04 4.549168e+02 4.575023e+02 4.534925e+02 2.120000e-03 5.000000e-05 1.527998e-01 2.648554e-02
ra226  pb214  480.4320 1.745262e-03 2.514405e-04 2.514405e-04 3.032779e+04 4.549168e+02 4.575023e+02 4.534925e+02 3.370000e-03 4.000000e-05 1.783739e-01 2.569839e-02
ra226  pb214  487.1400 1.504338e-03 1.912271e-04 1.912271e-04 3.032779e+04 4.549168e+02 4.575023e+02 4.534925e+02 4.320000e-03 5.000000e-05 1.970924e-01 2.505383e-02
ra226  pb214  580.1400 1.316478e-03 1.991652e-04 1.991652e-04 3.032779e+04 4.549168e+02 4.575023e+02 4.534925e+02 3.700000e-03 4.000000e-05 1.477257e-01 2.234889e-02
ra226  pb214  785.9600 1.003775e-03 1.773610e-04 1.773610e-04 3.032779e+04 4.549168e+02 4.575023e+02 4.534925e+02 1.060000e-02 3.000000e-04 3.226880e-01 5.701707e-02
ra226  pb214  839.0700 1.459825e-03 1.340739e-04 1.340739e-04 3.032779e+04 4.549168e+02 4.575023e+02 4.534925e+02 5.830000e-03 8.000000e-05 2.581131e-01 2.370574e-02
ra226  bi214  386.7800 1.774876e-03 3.860979e-04 3.860979e-04 3.032779e+04 4.549168e+02 4.575023e+02 4.534925e+02 2.950000e-03 5.000000e-05 1.587928e-01 3.454301e-02
ra226  bi214  388.8900 1.955632e-03 2.832706e-04 2.832706e-04 3.032779e+04 4.549168e+02 4.575023e+02 4.534925e+02 4.020000e-03 1.000000e-04 2.384262e-01 3.453570e-02
ra226  bi214  454.7900 2.102526e-03 3.147614e-04 3.147614e-04 3.032779e+04 4.549168e+02 4.575023e+02 4.534925e+02 2.920000e-03 4.000000e-05 1.861937e-01 2.787437e-02
ra226  bi214  609.3200 1.554918e-03 1.005475e-05 1.005475e-05 3.032779e+04 4.549168e+02 4.575023e+02 4.534925e+02 4.549000e-01 1.600000e-03 2.145182e+01 1.387165e-01
ra226  bi214  665.4470 1.453737e-03 6.519209e-05 6.519209e-05 3.032779e+04 4.549168e+02 4.575023e+02 4.534925e+02 1.531000e-02 6.000000e-05 6.749968e-01 3.026989e-02
ra226  bi214  703.1100 1.445312e-03 1.590689e-04 1.590689e-04 3.032779e+04 4.549168e+02 4.575023e+02 4.534925e+02 4.720000e-03 9.000000e-05 2.068923e-01 2.277026e-02
ra226  bi214  719.8700 1.354743e-03 1.755306e-04 1.755306e-04 3.032779e+04 4.549168e+02 4.575023e+02 4.534925e+02 3.920000e-03 8.000000e-05 1.610585e-01 2.086794e-02
ra226  bi214  768.3600 1.343967e-03 3.169381e-05 3.169381e-05 3.032779e+04 4.549168e+02 4.575023e+02 4.534925e+02 4.894000e-02 1.100000e-04 1.994772e+00 4.704129e-02
ra226  bi214  806.1800 1.348643e-03 7.290511e-05 7.290511e-05 3.032779e+04 4.549168e+02 4.575023e+02 4.534925e+02 1.264000e-02 5.000000e-05 5.169932e-01 2.794768e-02
ra226  bi214  934.0560 1.164704e-03 3.995606e-05 3.995606e-05 3.032779e+04 4.549168e+02 4.575023e+02 4.534925e+02 3.107000e-02 1.000000e-04 1.097482e+00 3.764998e-02
ra226  bi214  964.0800 9.975753e-04 1.819980e-04 1.819980e-04 3.032779e+04 4.549168e+02 4.575023e+02 4.534925e+02 3.650000e-03 1.000000e-04 1.104280e-01 2.014653e-02
ra226  bi214  1051.9600 1.489875e-03 1.933904e-04 1.933904e-04 3.032779e+04 4.549168e+02 4.575023e+02 4.534925e+02 3.130000e-03 7.000000e-05 1.414278e-01 1.835777e-02
ra226  bi214  1069.9600 1.133836e-03 2.034020e-04 2.034020e-04 3.032779e+04 4.549168e+02 4.575023e+02 4.534925e+02 2.720000e-03 9.000000e-05 9.353191e-02 1.677896e-02
ra226  bi214  1120.2940 1.117363e-03 1.553671e-05 1.553671e-05 3.032779e+04 4.549168e+02 4.575023e+02 4.534925e+02 1.492000e-01 3.000000e-04 5.055964e+00 7.030214e-02
ra226  bi214  1133.6600 6.912347e-04 2.124272e-04 2.124272e-04 3.032779e+04 4.549168e+02 4.575023e+02 4.534925e+02 2.512000e-03 1.000000e-05 5.266062e-02 1.618342e-02
ra226  bi214  1155.2100 1.081878e-03 5.440103e-05 5.440103e-05 3.032779e+04 4.549168e+02 4.575023e+02 4.534925e+02 1.633000e-02 6.000000e-05 5.358032e-01 2.694226e-02
ra226  bi214  1207.6800 1.054842e-03 1.318585e-04 1.318585e-04 3.032779e+04 4.549168e+02 4.575023e+02 4.534925e+02 4.510000e-03 1.000000e-04 1.442795e-01 1.803539e-02
ra226  bi214  1238.1220 1.030053e-03 2.503306e-05 2.503306e-05 3.032779e+04 4.549168e+02 4.575023e+02 4.534925e+02 5.834000e-02 1.500000e-04 1.822496e+00 4.429158e-02
ra226  bi214  1280.9760 9.982134e-04 5.685184e-05 5.685184e-05 3.032779e+04 4.549168e+02 4.575023e+02 4.534925e+02 1.434000e-02 6.000000e-05 4.341235e-01 2.472489e-02
ra226  bi214  1377.6690 9.297637e-04 3.003327e-05 3.003327e-05 3.032779e+04 4.549168e+02 4.575023e+02 4.534925e+02 3.988000e-02 1.100000e-04 1.124523e+00 3.632440e-02
ra226  bi214  1385.3100 1.022728e-03 8.562420e-05 8.562420e-05 3.032779e+04 4.549168e+02 4.575023e+02 4.534925e+02 7.930000e-03 5.000000e-05 2.459655e-01 2.059257e-02
ra226  bi214  1401.5150 9.731906e-04 5.963124e-05 5.963124e-05 3.032779e+04 4.549168e+02 4.575023e+02 4.534925e+02 1.330000e-02 5.000000e-05 3.925458e-01 2.405283e-02
ra226  bi214  1407.9880 1.011398e-03 4.105431e-05 4.105431e-05 3.032779e+04 4.549168e+02 4.575023e+02 4.534925e+02 2.394000e-02 7.000000e-05 7.343231e-01 2.980737e-02
ra226  bi214  1509.2100 9.374214e-04 4.525785e-05 4.525785e-05 3.032779e+04 4.549168e+02 4.575023e+02 4.534925e+02 2.130000e-02 1.000000e-04 6.055573e-01 2.923575e-02
ra226  bi214  1538.5300 1.120363e-03 1.389246e-04 1.389246e-04 3.032779e+04 4.549168e+02 4.575023e+02 4.534925e+02 3.980000e-03 1.100000e-04 1.352330e-01 1.676884e-02
ra226  bi214  1543.3400 9.360627e-04 1.770870e-04 1.770870e-04 3.032779e+04 4.549168e+02 4.575023e+02 4.534925e+02 3.030000e-03 1.000000e-04 8.601780e-02 1.627309e-02
ra226  bi214  1583.2040 8.050204e-04 8.271490e-05 8.271490e-05 3.032779e+04 4.549168e+02 4.575023e+02 4.534925e+02 7.050000e-03 5.000000e-05 1.721222e-01 1.768535e-02
ra226  bi214  1594.7500 9.874446e-04 1.742352e-04 1.742352e-04 3.032779e+04 4.549168e+02 4.575023e+02 4.534925e+02 2.670000e-03 1.200000e-04 7.995853e-02 1.410873e-02
ra226  bi214  1599.3700 9.024671e-04 1.471295e-04 1.471295e-04 3.032779e+04 4.549168e+02 4.575023e+02 4.534925e+02 3.240000e-03 1.200000e-04 8.867826e-02 1.445724e-02
ra226  bi214  1661.2740 7.799192e-04 5.882368e-05 5.882368e-05 3.032779e+04 4.549168e+02 4.575023e+02 4.534925e+02 1.047000e-02 6.000000e-05 2.476493e-01 1.867840e-02
ra226  bi214  1684.0120 9.338686e-04 1.705738e-04 1.705738e-04 3.032779e+04 4.549168e+02 4.575023e+02 4.534925e+02 2.140000e-03 5.000000e-05 6.060944e-02 1.107049e-02
ra226  bi214  1729.5950 8.284696e-04 3.206142e-05 3.206142e-05 3.032779e+04 4.549168e+02 4.575023e+02 4.534925e+02 2.878000e-02 8.000000e-05 7.231162e-01 2.798429e-02
ra226  bi214  1764.4910 8.269235e-04 1.341073e-05 1.341073e-05 3.032779e+04 4.549168e+02 4.575023e+02 4.534925e+02 1.530000e-01 3.000000e-04 3.837050e+00 6.222783e-02
ra226  bi214  1838.3600 6.480109e-04 1.059762e-04 1.059762e-04 3.032779e+04 4.549168e+02 4.575023e+02 4.534925e+02 3.500000e-03 1.000000e-04 6.878458e-02 1.124909e-02
ra226  bi214  1847.4290 7.488989e-04 3.576041e-05 3.576041e-05 3.032779e+04 4.549168e+02 4.575023e+02 4.534925e+02 2.025000e-02 9.000000e-05 4.599271e-01 2.196182e-02
ra226  bi214  1873.1600 1.036368e-03 1.677707e-04 1.677707e-04 3.032779e+04 4.549168e+02 4.575023e+02 4.534925e+02 2.140000e-03 8.000000e-05 6.726182e-02 1.088856e-02
ra226  bi214  2118.5140 6.591806e-04 4.807687e-05 4.807687e-05 3.032779e+04 4.549168e+02 4.575023e+02 4.534925e+02 1.160000e-02 6.000000e-05 2.319013e-01 1.691356e-02
ra226  bi214  2204.0590 7.189805e-04 2.259584e-05 2.259584e-05 3.032779e+04 4.549168e+02 4.575023e+02 4.534925e+02 4.924000e-02 1.800000e-04 1.073683e+00 3.374328e-02
ra226  bi214  2293.3800 4.755688e-04 8.159126e-05 8.159126e-05 3.032779e+04 4.549168e+02 4.575023e+02 4.534925e+02 3.070000e-03 3.000000e-05 4.427846e-02 7.596662e-03
ra226  bi214  2447.7000 6.615665e-04 3.859465e-05 3.859465e-05 3.032779e+04 4.549168e+02 4.575023e+02 4.534925e+02 1.548000e-02 7.000000e-05 3.105884e-01 1.811919e-02
ra226  pb210  46.5390 2.305614e-03 6.065078e-05 6.065078e-05 3.032779e+04 4.549168e+02 4.575023e+02 4.534925e+02 4.250000e-02 4.000000e-04 2.971778e+00 7.817467e-02
am241  am241  26.3446 1.849229e-03 1.130829e-04 1.130829e-04 3.868364e+04 5.802546e+02 5.825760e+02 5.782333e+02 2.270000e-02 1.200000e-03 1.623842e+00 9.930025e-02
am241  am241  59.5409 3.501392e-03 1.007191e-04 1.007191e-04 3.868364e+04 5.802546e+02 5.825760e+02 5.782333e+02 3.590000e-01 4.000000e-03 4.862532e+01 1.398729e+00
