46.5652 -7782.13
46.7643 -7106.95
46.9634 -5889.64
47.1625 -4965.1
47.3616 -4100.92
47.5607 -3329.7
47.7598 -2238.63
47.959 -1612.58
48.1581 -803.714
48.3572 -488.545
48.5563 -306.903
48.7554 -221.97
48.9545 -130.554
49.1536 -153.661
49.3527 -73.8747
49.5518 -32.9885
49.7509 -45.024
49.9501 -67.7948
69.861 -42.6759
70.0601 -67.3204
70.2592 -98.182
70.4583 -129.094
70.6574 -67.2596
70.8565 -104.389
71.0556 -92.0047
71.2547 -85.802
71.4539 -129.244
71.653 -67.1528
71.8521 -104.434
72.0512 -110.665
72.2503 -110.68
72.4494 -116.932
72.6485 -85.741
72.8476 -85.7234
73.0467 -60.6334
73.2458 -91.9494
73.4449 -110.831
73.6441 -79.2401
73.8432 -129.95
74.0423 -59.9016
74.2414 -72.5179
74.4405 -130.22
74.6396 -85.1698
74.8387 -123.854
75.0378 -169.12
75.2369 -136.82
75.436 -97.9761
75.6352 -117.417
75.8343 -156.489
76.0334 -58.5592
76.2325 -77.9489
76.4316 -170.262
76.6307 -130.602
76.8298 -143.954
77.0289 -97.1469
77.228 -177.431
77.4271 -90.5529
77.6262 -97.3686
77.8254 -163.626
78.0245 -123.971
78.2236 -163.096
78.4227 -65.5131
78.6218 -130.314
78.8209 -175.298
79.02 -123.783
79.2191 -91.7026
79.4182 -130.165
79.6173 -142.982
79.8164 -142.992
80.0156 -155.836
80.2147 -123.776
80.4138 -130.208
80.6129 -143.074
80.812 -59.4983
81.0111 -117.379
81.2102 -110.944
81.4093 -123.832
81.6084 -72.2517
81.8075 -98.0363
82.0066 -91.569
82.2058 -72.1687
82.4049 -175.602
82.604 -143.291
82.8031 -169.212
83.0022 -85.0144
83.2013 -143.35
83.4004 -104.439
83.5995 -136.897
83.7986 -162.904
83.9977 -32.8807
84.1968 -91.3848
84.396 -104.389
84.5951 -58.6929
84.7942 -84.733
84.9933 -104.309
85.1924 -64.8403
85.3915 -137.157
85.5906 -38.0155
85.7897 -104.074
85.9888 -77.4654
86.1879 -190.377
86.3871 -163.73
86.5862 -150.361
86.7853 -123.964
86.9844 -123.915
87.1835 -98.063
87.3826 -130.108
87.5817 -110.907
87.7808 -53.7475
87.9799 -79.1037
88.179 -78.9858
88.3781 -149.504
88.5773 -130.343
88.7764 -149.96
88.9755 -78.1666
89.1746 -183.091
89.3737 -117.386
89.5728 -150.392
89.7719 -130.587
89.971 -143.839
90.1701 -130.595
90.3692 -104.058
90.5683 -137.239
90.7675 -117.313
90.9666 -170.49
91.1657 -117.298
91.3648 -110.634
91.5639 -163.904
91.763 -117.275
91.9621 -110.599
92.1612 -123.931
237.113 -48.0445
237.312 -30.3866
237.511 -25.9703
237.71 -30.398
237.909 -12.6914
238.108 5.0399
238.307 -25.9808
238.507 -12.6702
238.706 -8.21987
238.905 -48.2237
239.104 0.725141
239.303 -17.0756
239.502 -21.5336
239.701 -17.0194
239.9 1.19735
240.099 -26.0513
240.299 -44.6945
240.498 -49.7612
240.697 -40.4632
240.896 -30.6582
241.095 -66.1897
241.294 -35.4503
241.493 -29.9564
241.692 -45.8556
241.891 -29.5638
242.091 -51.2414
242.29 -51.2388
242.489 -56.5342
242.688 -51.1196
242.887 -25.3144
243.086 -65.6886
243.285 -30.7252
243.484 -40.3446
243.683 -7.17723
243.883 -12.1069
244.082 -49.0557
244.281 -26.0487
244.48 -21.4924
244.679 -30.5846
244.878 -30.579
245.077 -44.1899
245.276 -30.5789
245.475 -35.1217
245.674 -44.2126
245.874 -3.31628
246.073 -30.5917
246.272 1.26092
246.471 -21.4914
246.67 -16.9328
246.869 -21.4871
272.355 -17.2286
272.554 -8.64204
272.753 -21.525
272.952 -47.2051
273.152 -25.7908
273.351 -25.7792
273.55 -4.47654
273.749 -4.50218
273.948 -13.0137
274.147 -38.4356
274.346 -38.3986
274.545 -8.82508
274.744 -4.63328
274.944 -4.66254
275.143 -38.2263
275.342 -13.0902
275.541 -4.77114
275.74 -13.1199
275.939 -29.6687
276.138 -4.92921
276.337 -17.2617
276.536 -5.05437
276.736 -1.07076
276.935 -17.2347
277.134 -9.21478
277.333 -9.232
277.532 -9.24123
277.731 -37.1337
277.93 -21.2013
278.129 -9.23107
278.328 -25.2233
278.528 -37.2635
278.727 -5.1909
278.926 -25.2632
279.125 2.85191
279.324 -5.18566
279.523 -25.251
279.722 -1.20203
279.921 -13.2222
280.12 -33.1842
280.32 -13.2277
280.519 -9.25469
280.718 -17.1998
280.917 -25.1103
281.116 -9.28707
281.315 -17.1794
281.514 -21.1042
281.713 -1.47118
281.912 -17.1562
282.111 -5.43159
282.311 -13.2427
290.275 -5.5059
290.474 -1.62145
290.673 -5.48406
290.872 2.29665
291.071 -24.9141
291.271 -9.34659
291.47 -21.0464
291.669 -21.0582
291.868 -5.41278
292.067 -17.1633
292.266 -40.7641
292.465 -1.40115
292.664 -29.0935
292.863 -33.1941
293.062 -5.13269
293.262 3.21748
293.461 -21.4472
293.66 -38.6369
293.859 -21.55
294.058 -12.4326
294.257 -16.6897
294.456 -40.368
294.655 -35.6311
294.854 -25.6114
295.054 -20.4147
295.253 -50.8448
295.452 -50.7922
295.651 -45.637
295.85 -20.8935
296.049 -35.5522
296.248 -26.0402
296.447 -21.4979
296.646 -43.6728
296.846 -12.8953
297.045 -8.78096
297.244 -33.98
297.443 -25.5415
297.642 -13.1563
297.841 -9.07152
298.04 -21.3512
298.239 -9.08438
298.438 -13.1715
298.638 -29.5434
298.837 3.22558
299.036 -21.3673
299.235 -13.1584
299.434 -25.4914
299.633 -17.2676
299.832 -9.02384
300.031 -9.01458
347.021 0.237496
347.22 0.24846
347.419 -12.4437
347.618 -9.27432
347.818 -12.4684
348.017 -12.4811
348.216 -9.29431
348.415 -9.30219
348.614 -15.7471
348.813 6.83001
349.012 -2.84162
349.211 0.477748
349.41 3.92327
349.61 -16.2774
349.809 -9.49528
350.008 -5.81747
350.207 -17.105
350.406 -25.4424
350.605 -12.8645
350.804 -3.07924
351.003 -21.0728
351.202 -15.3991
351.402 -40.6553
351.601 -45.8717
351.8 -29.5315
351.999 -62.1176
352.198 -67.4134
352.397 -82.9031
352.596 -61.2155
352.795 -45.5019
352.994 -26.0258
353.194 -8.14937
353.393 -25.7084
353.592 -9.21994
353.791 -9.41931
353.99 -13.1552
354.189 -5.94416
354.388 -9.48637
354.587 -6.03137
354.786 -9.45959
354.985 -9.45379
355.185 -12.8513
355.384 -9.45216
355.583 -12.8568
355.782 -12.8631
355.981 -6.04622
356.18 -9.46064
356.379 -9.46304
356.578 -6.03821
356.777 4.26151
578.187 -0.0449132
578.386 -0.0460647
578.585 3.79327
578.784 2.51406
578.983 2.51503
579.183 -0.0508421
579.382 1.23248
579.581 -0.0538871
579.78 1.23215
579.979 2.52284
580.178 3.82172
580.377 2.53246
580.576 -1.39247
580.775 -0.0968955
580.975 2.57572
581.174 -0.150012
581.373 1.22789
581.572 1.23071
581.771 2.76374
581.97 -0.343182
582.169 2.92946
582.368 1.29002
582.567 -0.475763
582.767 -2.34051
582.966 -4.25959
583.165 1.36263
583.364 5.11388
583.563 1.34427
583.762 -0.484765
583.961 1.29805
584.16 -2.09732
584.359 2.87392
584.558 1.24175
584.758 2.72784
584.957 1.22913
585.156 -1.58257
585.355 3.97822
585.554 1.22792
585.753 -2.79287
585.952 1.22888
586.151 -1.42448
586.35 3.87796
586.55 2.55273
586.749 -0.0939424
586.948 1.22934
587.147 2.55383
587.346 1.22925
587.545 2.55556
587.744 1.22913
587.943 1.22907
604.27 2.0219
604.469 1.09806
604.669 2.02864
604.868 2.38197
605.067 2.03658
605.266 2.43503
605.465 2.04747
605.664 1.1458
605.863 1.56516
606.062 1.51426
606.261 2.8261
606.461 2.21605
606.66 2.37295
606.859 2.66676
607.058 -2.35013
607.257 -0.581281
607.456 -3.08854
607.655 0.562643
607.854 -5.61121
608.053 -8.72722
608.253 -44.6932
608.452 -45.6432
608.651 -51.1752
608.85 -23.772
609.049 -56.6959
609.248 -68.0176
609.447 -96.4202
609.646 -56.7106
609.845 -62.1317
610.044 -45.8834
610.244 -30.6997
610.443 -26.0506
610.642 -17.2702
610.841 -13.2007
611.04 -9.35648
611.239 -0.298077
611.438 4.11097
611.637 5.29215
611.836 1.25652
612.036 1.22742
612.235 0.0197101
612.434 1.26063
612.633 0.204502
612.832 2.32892
613.031 2.325
613.23 0.236997
613.429 2.33397
613.628 3.40797
613.828 0.193814
614.027 3.4522
614.226 -2.04985
656.636 2.12121
656.835 2.78506
657.034 1.45804
657.233 2.79695
657.432 0.101512
657.632 0.768063
657.831 2.82188
658.03 1.43859
658.229 2.14495
658.428 2.157
658.627 2.1778
658.826 0.49637
659.025 3.2421
659.224 1.26128
659.424 2.55653
659.623 -0.338749
659.822 1.36578
660.021 -0.591219
660.22 -3.04784
660.419 5.60878
660.618 -2.89285
660.817 -12.9514
661.016 -16.8636
661.216 -5.52885
661.415 -13.2338
661.614 -13.2185
661.813 -9.23359
662.012 -21.0675
662.211 -20.768
662.41 -2.34011
662.609 -2.73903
662.808 -15.2259
663.008 -5.83557
663.207 1.87863
663.406 3.66071
663.605 -2.36473
663.804 -3.66682
664.003 -0.263101
664.202 1.22788
664.401 1.22742
664.6 -0.176378
664.8 4.10045
664.999 -0.240706
665.198 1.23402
665.397 -0.277623
665.596 1.23488
665.795 -0.249207
665.994 4.10185
666.193 2.60439
666.392 3.84478
666.592 0.00609457
666.791 1.25218
666.99 2.36071
667.189 1.286
667.388 -2.64571
667.587 1.3155
667.786 1.3256
667.985 0.422822
668.184 1.33666
668.384 3.1289
668.583 2.23297
668.782 2.23333
668.981 3.13056
669.18 3.13482
669.379 -0.4682
669.578 3.14502
669.777 3.15048
669.976 1.33136
670.175 1.32987
1115.18 1.65476
1115.38 2.41243
1115.58 2.4118
1115.78 1.65633
1115.98 2.03304
1116.18 2.03232
1116.38 1.66812
1116.58 2.02877
1116.78 2.67596
1116.98 2.01959
1117.18 1.78651
1117.37 2.00444
1117.57 2.00611
1117.77 2.00708
1117.97 1.65642
1118.17 2.75348
1118.37 1.32537
1118.57 2.47042
1118.77 4.31683
1118.97 -0.499127
1119.17 3.63276
1119.37 1.77791
1119.57 2.06376
1119.76 -3.08675
1119.96 2.55691
1120.16 -11.7246
1120.36 -14.6378
1120.56 -14.4727
1120.76 -0.337224
1120.96 2.1547
1121.16 6.70946
1121.36 -9.35504
1121.56 1.38737
1121.76 2.89624
1121.95 2.56017
1122.15 0.264484
1122.35 0.690205
1122.55 2.05795
1122.75 1.54871
1122.95 2.00053
1123.15 1.90592
1123.35 2.00957
1123.55 2.01729
1123.75 1.70923
1123.95 2.36997
1124.14 1.67142
1124.34 1.66349
1124.54 1.65915
1124.74 2.03331
1124.94 1.65567
1125.14 2.03367
1150.23 1.69436
1150.43 1.69434
1150.63 2.02605
1150.83 2.02607
1151.02 2.02609
1151.22 2.35848
1151.42 1.69331
1151.62 2.36032
1151.82 1.69102
1152.02 2.02708
1152.22 1.68508
1152.42 2.02878
1152.62 2.03031
1152.82 1.66061
1153.02 2.81566
1153.21 1.62633
1153.41 1.60229
1153.61 1.57366
1153.81 2.06241
1154.01 1.50579
1154.21 2.70217
1154.41 1.43494
1154.61 1.40425
1154.81 1.38007
1155.01 2.12921
1155.21 2.13178
1155.4 2.1294
1155.6 2.12246
1155.8 1.4031
1156 2.76551
1156.2 1.46812
1156.4 1.50423
1156.6 2.06286
1156.8 3.01606
1157 1.60106
1157.2 2.04021
1157.4 2.81791
1157.6 2.03267
1157.79 2.03041
1157.99 2.02885
1158.19 1.68482
1158.39 1.68853
1158.59 1.69091
1158.79 2.0264
1158.99 1.69327
1159.19 2.02615
1159.39 1.69407
1159.59 2.35792
1159.79 2.02605
1159.98 2.35775
1168.15 2.03244
1168.35 1.66143
1168.55 1.66216
1168.75 1.66362
1168.94 1.66645
1169.14 1.67179
1169.34 2.02842
1169.54 1.69854
1169.74 2.02045
1169.94 2.25246
1170.14 2.00592
1170.34 2.00031
1170.54 2.00432
1170.74 2.37497
1170.94 2.10094
1171.13 1.33613
1171.33 0.0165245
1171.53 1.24228
1171.73 -0.521779
1171.93 -0.591665
1172.13 -3.00606
1172.33 -0.367925
1172.53 -8.91066
1172.73 -2.99321
1172.93 -2.91132
1173.13 -2.85952
1173.32 3.61171
1173.52 -6.09282
1173.72 -15.3104
1173.92 -8.91892
1174.12 7.81551
1174.32 -3.01021
1174.52 -0.591652
1174.72 1.36783
1174.92 -1.88959
1175.12 1.23861
1175.32 2.24351
1175.51 2.10458
1175.71 1.32748
1175.91 1.86723
1176.11 2.08819
1176.31 2.00558
1176.51 1.77775
1176.71 1.72932
1176.91 1.6997
1177.11 2.02829
1177.31 2.03021
1177.51 2.76053
1177.71 1.66375
1177.9 2.0322
1178.1 2.03236
1275.87 2.14715
1276.07 4.60592
1276.26 2.14718
1276.46 1.32745
1276.66 2.96731
1276.86 2.96789
1277.06 1.3265
1277.26 2.14816
1277.46 2.97368
1277.66 1.32176
1277.86 2.15204
1278.06 1.31245
1278.26 1.3043
1278.45 1.29285
1278.65 1.27733
1278.85 2.18581
1279.05 1.23154
1279.25 1.20075
1279.45 1.16509
1279.65 2.27524
1279.85 1.08411
1280.05 3.64769
1280.25 1.00449
1280.45 0.971958
1280.64 0.947845
1280.84 5.50141
1281.04 0.932258
1281.24 0.942159
1281.44 2.42467
1281.64 2.39328
1281.84 1.02979
1282.04 1.07039
1282.24 1.11208
1282.44 1.1524
1282.64 1.18942
1282.83 1.22187
1283.03 2.19054
1283.23 1.27107
1283.43 1.2881
1283.63 1.30083
1283.83 1.30999
1284.03 1.31637
1284.23 2.1507
1284.43 1.32343
1284.63 2.14838
1284.83 2.96945
1285.02 1.32686
1285.22 2.14735
1285.42 2.14725
1285.62 1.32751
1285.82 2.14717
1327.44 0.736074
1327.63 0.736788
1327.83 0.738205
1328.03 2.72692
1328.23 2.71835
1328.43 0.755156
1328.63 0.771142
1328.83 2.63532
1329.03 2.57165
1329.23 0.912521
1329.43 2.36679
1329.63 1.17893
1329.82 1.40654
1330.02 2.32184
1330.22 2.00472
1330.42 1.50956
1330.62 3.34623
1330.82 1.22976
1331.02 -2.35468
1331.22 3.818
1331.42 -0.511093
1331.62 -5.86964
1331.82 -0.0496104
1332.01 -15.5384
1332.21 -19.1106
1332.41 0.522741
1332.61 -6.08641
1332.81 0.380385
1333.01 -6.08267
1333.21 -17.8147
1333.41 2.3694
1333.61 -0.539295
1333.81 -0.588805
1334.01 3.07749
1334.2 2.59756
1334.4 3.20095
1334.6 2.06652
1334.8 1.95337
1335 1.65114
1335.2 2.13335
1335.4 2.26176
1335.6 0.995786
1335.8 5.70942
1336 0.832481
1336.2 0.792105
1336.4 0.767558
1336.59 0.75311
1336.79 0.744874
1336.99 0.740327
1337.19 2.7321
1455.86 2.4386
1456.06 2.43416
1456.26 2.42583
1456.46 0.976017
1456.66 1.00109
1456.86 1.04444
1457.06 1.11709
1457.25 1.23511
1457.45 1.42088
1457.65 2.34446
1457.85 1.52837
1458.05 2.72007
1458.25 2.4007
1458.45 -3.78665
1458.65 1.63011
1458.85 -5.82185
1459.05 -6.09432
1459.25 -5.84432
1459.44 -25.3307
1459.64 -21.5499
1459.84 -35.3976
1460.04 3.73233
1460.24 -35.58
1460.44 -72.084
1460.64 -40.5719
1460.84 -67.2361
1461.04 -51.197
1461.24 -45.8813
1461.44 -35.6033
1461.63 -35.6136
1461.83 -12.162
1462.03 -21.5399
1462.23 -13.2308
1462.43 -9.50094
1462.63 -9.21122
1462.83 4.85366
1463.03 1.5386
1463.23 4.43044
1463.43 -0.819745
1463.63 2.0754
1463.83 2.03862
1464.02 2.03531
1464.22 2.12049
1464.42 1.21149
1464.62 1.10259
1464.82 1.03582
1465.02 3.78422
1465.22 0.973251
1465.42 0.960454
1465.62 2.43501
1759.5 0.460312
1759.7 0.462126
1759.9 3.38152
1760.1 0.470993
1760.3 0.480499
1760.5 0.496112
1760.7 0.521044
1760.9 3.10661
1761.1 0.618079
1761.29 0.703531
1761.49 2.59597
1761.69 0.992742
1761.89 1.21719
1762.09 2.07261
1762.29 1.87406
1762.49 1.72751
1762.69 0.73647
1762.89 2.3508
1763.09 2.64891
1763.29 -0.436429
1763.48 -4.52999
1763.68 -4.99535
1763.88 1.80405
1764.08 4.46856
1764.28 -0.480533
1764.48 -0.463403
1764.68 -3.05271
1764.88 -0.516625
1765.08 -0.563623
1765.28 1.63119
1765.48 -0.566444
1765.67 1.29968
1765.87 -0.226215
1766.07 1.26187
1766.27 1.41293
1766.47 1.34654
1766.67 2.00162
1766.87 1.54656
1767.07 1.24756
1767.27 1.01614
1767.47 4.30046
1767.67 0.716229
1767.87 0.627033
1768.06 0.565871
1768.26 0.525131
1768.46 3.27632
1768.66 0.482167
1768.86 0.472015
1769.06 0.465976
1769.26 3.39108
2609.3 0.156516
2609.5 0.159413
2609.7 0.164079
2609.9 5.08491
2610.1 0.182747
2610.3 0.199791
2610.5 0.224884
2610.69 0.260989
2610.89 0.311751
2611.09 0.381471
2611.29 3.35024
2611.49 0.597406
2611.69 0.753797
2611.89 0.948606
2612.09 2.23176
2612.29 2.711
2612.49 2.01238
2612.69 2.14411
2612.88 2.06024
2613.08 2.16859
2613.28 1.28763
2613.48 -1.26653
2613.68 1.22863
2613.88 1.24689
2614.08 -0.411461
2614.28 -0.453637
2614.48 3.0885
2614.68 3.06958
2614.88 -0.428886
2615.08 4.49574
2615.27 2.72069
2615.47 1.22978
2615.67 1.26457
2615.87 0.494878
2616.07 2.66627
2616.27 1.76234
2616.47 1.90247
2616.67 2.05458
2616.87 4.87717
2617.07 1.02418
2617.27 2.60936
2617.46 0.646903
2617.66 0.513568
2617.86 0.410836
2618.06 0.333575
2618.26 0.276833
2618.46 0.236125
2618.66 0.207587
2618.86 0.188033
2619.06 0.174933
2619.26 0.166353
