46.1472 -4548.48
46.3463 -5137.39
46.5455 -4302.57
46.7446 -4708.33
46.9438 -4245.65
47.1429 -3107.03
47.342 -2515.85
47.5412 -2008.9
47.7403 -1436.82
47.9395 -947.297
48.1386 -620.746
48.3377 -412.175
48.5369 -192.423
48.736 -81.809
48.9352 -142.859
49.1343 -50.1991
49.3334 -56.7046
49.5326 -55.6819
69.4467 -50.5898
69.6459 -97.1749
69.845 -15.5408
70.0442 -73.8776
70.2433 -79.7282
70.4424 -38.7551
70.6416 -126.641
70.8407 -44.5429
71.0399 -73.8879
71.239 -79.7713
71.4382 -79.7785
71.6373 -38.5072
71.8364 -73.8876
72.0356 -73.8862
72.2347 -109.405
72.4339 -67.9505
72.633 -109.532
72.8321 -91.7449
73.0313 -79.829
73.2304 -79.8259
73.4296 -91.9274
73.6287 -98.0983
73.8279 -61.1093
74.027 -116.968
74.2261 -91.9127
74.4253 -72.7176
74.6244 -85.3173
74.8236 -143.07
75.0227 -72.3782
75.2218 -149.436
75.421 -104.536
75.6201 -110.927
75.8193 -130.091
76.0184 -104.53
76.2176 -181.87
76.4167 -130.419
76.6158 -78.0924
76.815 -117.378
77.0141 -104.105
77.2133 -84.242
77.4124 -137.165
77.6115 -110.869
77.8107 -123.895
78.0098 -136.577
78.209 -98.2054
78.4081 -129.624
78.6073 -104.453
78.8064 -116.79
79.0055 -147.583
79.2047 -92.0041
79.4038 -61.2008
79.603 -116.648
79.8021 -98.1687
80.0012 -92.005
80.2004 -73.4813
80.3995 -92.0059
80.5987 -153.87
80.7978 -85.8129
80.9969 -122.996
81.1961 -85.7989
81.3952 -116.842
81.5944 -91.9995
81.7935 -79.553
81.9927 -73.3105
82.1918 -67.056
82.3909 -67.0291
82.5901 -54.511
82.7892 -91.9793
82.9884 -60.6894
83.1875 -60.6555
83.3866 -66.89
83.5858 -66.8615
83.7849 -73.113
83.9841 -79.376
84.1832 -91.9404
84.3824 -123.407
84.5815 -104.526
84.7806 -91.9301
84.9798 -129.711
85.1789 -129.685
85.3781 -66.8258
85.5772 -73.1594
85.7763 -85.7231
85.9755 -73.2602
86.1746 -141.883
86.3738 -135.686
86.5729 -54.3892
86.7721 -66.7411
86.9712 -104.545
87.1703 -149.263
87.3695 -91.6459
87.5686 -130.338
87.7678 -143.368
87.9669 -91.4325
88.166 -123.912
88.3652 -84.9887
88.5643 -91.5163
88.7635 -110.94
88.9626 -72.2275
89.1618 -130.284
89.3609 -130.277
89.56 -175.395
89.7592 -143.181
89.9583 -130.297
90.1575 -110.942
90.3566 -156.165
90.5557 -91.5417
90.7549 -117.408
90.954 -123.887
91.1532 -91.4883
91.3523 -97.9562
91.5514 -123.909
91.7506 -123.915
236.726 -39.9834
236.925 -12.1271
237.124 -44.5922
237.323 -35.3119
237.522 -7.5461
237.721 -58.4002
237.92 -26.0514
238.12 -21.4399
238.319 -35.2653
238.518 -26.0517
238.717 -53.6338
238.916 -26.0513
239.115 -16.8766
239.314 -16.8862
239.514 -7.74194
239.713 -3.19097
239.912 -26.0479
240.111 -26.0466
240.31 -44.2587
240.509 -3.3115
240.708 5.72986
240.908 -7.91599
241.107 -26.0346
241.306 -30.5445
241.505 -30.5325
241.704 -17.0277
241.903 -30.5115
242.102 -3.58501
242.302 -39.4627
242.501 -39.4527
242.7 -21.5342
242.899 -43.9156
243.098 -17.0609
243.297 -26.0087
243.496 5.283
243.696 -8.13729
243.895 -8.1494
244.094 -30.4588
244.293 -34.9057
244.492 -30.4427
244.691 -25.9891
244.89 -12.666
245.09 -21.5464
245.289 -25.9765
245.488 -39.2438
245.687 -8.2929
245.886 -17.136
246.085 -56.813
246.284 -30.355
246.484 -3.96136
272.173 8.92767
272.372 -24.2697
272.571 -28.0325
272.77 1.70597
272.969 -13.2031
273.169 -20.7166
273.368 -1.9147
273.567 -13.2216
273.766 -9.43196
273.965 -17.0386
274.164 2.05119
274.363 -20.9061
274.562 -13.2393
274.762 -5.52069
274.961 -13.2421
275.16 -21.0103
275.359 -28.8203
275.558 -5.43488
275.757 -24.9776
275.956 -9.32308
276.156 -13.241
276.355 -9.31273
276.554 -13.24
276.753 -17.175
276.952 2.52604
277.151 -17.1859
277.35 -9.2751
277.55 -17.2042
277.749 -25.1951
277.948 -9.20978
278.147 -33.3528
278.346 -17.2474
278.545 -17.2552
278.744 -4.99646
278.944 -25.4772
279.143 7.46384
279.342 -8.99639
279.541 -8.96983
279.74 -8.94431
279.939 -25.6216
280.138 -21.4567
280.338 -21.4665
280.537 -17.2658
280.736 -21.4842
280.935 -17.2603
281.134 -17.2568
281.333 -38.5212
281.532 -12.9839
281.732 -17.2435
281.931 -21.524
289.896 -13.2418
290.096 -9.33034
290.295 -13.2423
290.494 -1.5285
290.693 -21.0448
290.892 -17.1403
291.091 -40.5012
291.29 -13.2427
291.49 -17.1299
291.689 6.17814
291.888 -21.0058
292.087 -13.2425
292.286 -17.1235
292.485 -17.1281
292.684 -9.34668
292.884 -5.40923
293.083 -13.2367
293.282 -17.2231
293.481 -5.03223
293.68 -8.93019
293.879 -8.66748
294.078 -39.2056
294.278 -3.30866
294.477 -12.0216
294.676 -6.8489
294.875 -30.7417
295.074 -25.8112
295.273 -25.7987
295.472 -35.6156
295.671 -64.452
295.871 -40.1623
296.07 -39.8191
296.269 -39.3504
296.468 -30.1603
296.667 -13.0884
296.866 -9.12011
297.065 -9.25675
297.265 -24.9512
297.464 -17.0917
297.663 -17.0496
297.862 -5.63918
298.061 -20.7772
298.26 -9.44836
298.459 -9.45241
298.659 -16.9666
298.858 -5.70687
299.057 -5.71321
299.256 -9.46202
299.455 -5.72502
299.654 -13.2008
346.652 -15.9102
346.851 3.7288
347.05 -6.09067
347.249 -9.36378
347.448 -15.91
347.647 -9.36382
347.847 0.455979
348.046 -6.09058
348.245 0.458902
348.444 -6.09015
348.643 -15.9329
348.842 -6.08804
349.041 -16.0015
349.241 -9.41116
349.44 -2.68098
349.639 -16.3814
349.838 4.73565
350.037 5.33558
350.236 -13.2427
350.435 -13.163
350.635 -17.2064
350.834 -21.4749
351.033 -35.5541
351.232 -10.6392
351.431 0.582554
351.63 -30.0839
351.829 -83.1755
352.029 -35.2289
352.228 -77.526
352.427 -61.3346
352.626 -50.6473
352.825 -30.7534
353.024 -30.6324
353.223 -21.5444
353.423 -13.1564
353.622 -24.9265
353.821 -2.05518
354.02 -16.6297
354.219 -6.0207
354.418 -6.05987
354.617 -19.4175
354.817 -2.77851
355.016 -6.08804
355.215 -9.37024
355.414 0.461846
355.613 -9.36434
355.812 0.454612
356.011 -6.0908
356.211 -9.36277
356.41 -6.09084
578.054 1.23365
578.253 1.23249
578.452 2.70685
578.652 -3.1631
578.851 2.6833
579.05 2.67159
579.249 1.22844
579.448 1.22799
579.647 1.22766
579.846 -1.56629
580.046 1.22741
580.245 -0.143945
580.444 2.58509
580.643 2.56988
580.842 1.22936
581.041 2.53369
581.24 1.23309
581.44 -0.0145555
581.639 2.46004
581.838 2.43062
582.037 2.39998
582.236 1.26546
582.435 -1.91416
582.634 2.31455
582.834 1.29981
583.033 2.27708
583.232 3.21828
583.431 1.31835
583.63 1.31782
583.829 2.26838
584.028 2.27651
584.228 0.321168
584.427 2.29615
584.626 0.281857
584.825 0.267978
585.024 3.34469
585.223 1.28697
585.422 3.34663
585.622 2.31391
585.821 1.29137
586.02 3.31104
586.219 0.301178
586.418 2.28789
586.617 0.335232
586.816 2.27146
587.016 1.31795
587.215 0.392423
587.414 2.24638
587.613 2.23813
587.812 1.34178
604.142 2.15795
604.341 2.16756
604.54 2.17747
604.739 -1.85396
604.938 2.19869
605.137 2.21064
605.337 1.34622
605.536 1.33293
605.735 3.21256
605.934 0.295129
606.133 -0.884547
606.332 2.43489
606.531 1.22834
606.731 4.34303
606.93 3.14223
607.129 5.81074
607.328 1.96746
607.527 5.53652
607.726 -2.83459
607.925 -16.7589
608.125 -5.27856
608.324 -17.2398
608.523 -21.4994
608.722 -54.4995
608.921 -11.1159
609.12 -60.6071
609.319 -15.5204
609.519 -50.6332
609.718 -45.4527
609.917 -45.0547
610.116 -3.20557
610.315 -34.4962
610.514 -17.2373
610.713 -2.07603
610.913 -16.1362
611.112 -3.035
611.311 2.25001
611.51 -2.9289
611.709 -2.67992
611.908 -4.30468
612.107 1.29398
612.306 1.26109
612.506 2.82641
612.705 -1.8543
612.904 -0.295775
613.103 4.30497
613.302 -0.299693
613.501 2.78982
613.7 -1.87824
613.9 2.81899
656.516 3.11457
656.715 2.21849
656.914 1.35974
657.113 2.19895
657.312 -0.247596
657.512 2.18151
657.711 2.17445
657.91 1.39892
658.109 1.40059
658.308 1.39583
658.507 2.99014
658.706 1.35456
658.906 1.31494
659.105 0.177072
659.304 2.51429
659.503 2.75753
659.702 1.31991
659.901 -0.586006
660.1 -0.549869
660.3 -5.83187
660.499 0.0185428
660.698 -2.78778
660.897 -13.0157
661.096 -5.7862
661.295 -9.41415
661.494 -9.35347
661.694 -9.33942
661.893 -13.241
662.092 -13.2139
662.291 -16.719
662.49 -2.64384
662.689 -9.24485
662.888 -5.94779
663.088 -3.04214
663.287 -7.24416
663.486 -2.41577
663.685 4.42987
663.884 -0.108107
664.083 1.25546
664.282 2.30956
664.482 2.26636
664.681 0.401098
664.88 1.32699
665.079 3.17836
665.278 1.32722
665.477 3.13789
665.676 0.499427
665.876 2.96515
666.075 0.747573
666.274 1.51369
666.473 1.16141
666.672 2.32592
666.871 2.15862
667.07 2.0048
667.27 2.00451
667.469 2.01677
667.668 1.65445
667.867 2.53214
668.066 1.50793
668.265 2.7305
668.464 1.40731
668.664 2.12785
668.863 1.33178
669.062 1.29886
669.261 3.09156
669.46 2.19761
669.659 1.20792
669.858 1.17867
670.058 2.25707
1115.34 0.9353
1115.54 3.9685
1115.74 2.44876
1115.94 0.947494
1116.13 2.43005
1116.33 0.975115
1116.53 2.38436
1116.73 1.04295
1116.93 2.29251
1117.13 1.19187
1117.33 1.31529
1117.53 1.48334
1117.73 2.34283
1117.93 2.00003
1118.13 2.34273
1118.33 1.46879
1118.52 1.30618
1118.72 3.80708
1118.92 -1.90543
1119.12 1.33569
1119.32 3.53951
1119.52 -0.589952
1119.72 -5.34455
1119.92 -3.01671
1120.12 -8.15631
1120.32 -0.479057
1120.52 -3.04071
1120.71 -0.531101
1120.91 4.15141
1121.11 -0.591618
1121.31 -2.57717
1121.51 3.08837
1121.71 2.74897
1121.91 2.46064
1122.11 -0.474437
1122.31 0.939252
1122.51 2.0156
1122.71 2.00151
1122.91 1.65357
1123.1 1.44424
1123.3 2.16884
1123.5 1.1716
1123.7 2.30398
1123.9 1.03365
1124.1 2.39039
1124.3 2.4158
1124.5 0.955742
1124.7 0.946126
1124.9 0.940354
1125.1 2.45346
1150.19 2.01559
1150.39 2.01561
1150.59 2.01565
1150.79 2.27174
1150.98 1.75889
1151.18 1.75761
1151.38 2.01627
1151.58 1.75253
1151.78 1.74797
1151.98 1.74137
1152.18 2.01972
1152.38 1.71945
1152.58 1.70268
1152.78 1.68111
1152.98 2.03385
1153.17 2.46031
1153.37 2.51701
1153.57 2.58366
1153.77 1.49479
1153.97 2.09447
1154.17 2.1139
1154.37 1.35379
1154.57 2.15388
1154.77 2.17066
1154.97 1.26266
1155.17 1.25372
1155.37 1.25726
1155.56 3.98362
1155.76 2.16167
1155.96 1.33579
1156.16 1.37854
1156.36 1.42539
1156.56 2.08445
1156.76 1.52102
1156.96 2.0554
1157.16 2.48433
1157.36 1.64038
1157.56 1.66969
1157.76 1.69355
1157.95 1.71236
1158.15 2.02056
1158.35 2.01891
1158.55 1.74519
1158.75 2.54971
1158.95 2.01645
1159.15 2.53482
1159.35 2.01589
1159.55 2.01576
1159.75 2.2714
1159.95 2.01562
1168.11 1.0075
1168.31 2.37764
1168.51 3.74016
1168.71 3.72923
1168.91 1.02079
1169.11 1.03086
1169.31 1.04682
1169.5 1.07142
1169.7 1.10831
1169.9 1.16214
1170.1 2.19699
1170.3 2.13909
1170.5 1.48486
1170.7 1.66832
1170.9 1.89978
1171.1 2.18281
1171.3 2.05732
1171.5 0.669603
1171.69 -0.739469
1171.89 1.2342
1172.09 4.22581
1172.29 -2.10971
1172.49 -0.509437
1172.69 -6.50857
1172.89 1.49138
1173.09 1.53252
1173.29 1.5396
1173.49 -0.58399
1173.69 5.49826
1173.89 3.28885
1174.08 1.30259
1174.28 -0.331485
1174.48 1.2277
1174.68 3.49946
1174.88 1.35723
1175.08 0.366409
1175.28 1.73233
1175.48 2.00824
1175.68 2.01612
1175.88 3.06572
1176.08 2.11444
1176.28 1.27852
1176.47 2.2276
1176.67 1.12877
1176.87 3.53004
1177.07 1.0562
1177.27 1.03696
1177.47 1.02465
1177.67 1.01698
1177.87 2.37413
1178.07 1.00957
1276.05 3.60192
1276.24 1.05932
1276.44 2.33008
1276.64 2.32963
1276.84 3.5969
1277.04 1.06218
1277.24 1.06404
1277.44 2.32379
1277.64 1.07066
1277.84 2.31574
1278.04 2.30952
1278.24 1.09297
1278.43 1.10526
1278.63 1.12052
1278.83 1.13892
1279.03 1.16043
1279.23 2.23197
1279.43 2.21418
1279.63 1.23929
1279.83 2.17972
1280.03 1.29451
1280.23 1.31896
1280.43 1.33936
1280.63 1.35443
1280.82 1.36317
1281.02 3.65695
1281.22 1.35979
1281.42 2.1371
1281.62 2.96165
1281.82 1.30761
1282.02 1.28175
1282.22 4.0548
1282.42 2.20489
1282.62 1.19845
1282.82 1.17289
1283.02 2.25685
1283.21 2.27196
1283.41 1.11299
1283.61 1.09918
1283.81 2.30543
1284.01 1.07975
1284.21 1.07338
1284.41 1.06873
1284.61 1.06542
1284.81 2.32699
1285.01 1.06157
1285.21 1.06055
1285.4 2.32985
1285.6 1.05948
1285.8 3.60165
1327.42 0.535777
1327.62 0.53844
1327.82 0.542883
1328.02 0.550114
1328.22 3.10183
1328.42 0.579395
1328.62 2.99338
1328.82 0.645925
1329.02 0.702869
1329.22 0.782599
1329.42 0.891356
1329.61 1.03582
1329.81 1.22257
1330.01 1.45738
1330.21 2.29148
1330.41 2.00174
1330.61 2.04902
1330.81 1.40934
1331.01 2.33047
1331.21 3.86383
1331.41 -0.309491
1331.61 3.04531
1331.8 -0.531672
1332 1.4568
1332.2 1.52143
1332.4 1.55627
1332.6 -0.589559
1332.8 -0.584814
1333 -0.568046
1333.2 1.36747
1333.4 -2.17019
1333.6 1.23786
1333.8 1.23177
1334 1.29
1334.19 0.704529
1334.39 2.04185
1334.59 1.94994
1334.79 2.63357
1334.99 2.76296
1335.19 1.20507
1335.39 1.02257
1335.59 0.881631
1335.79 2.67001
1335.99 0.698093
1336.19 2.91308
1336.39 0.604219
1336.58 0.578094
1336.78 0.560809
1336.98 0.54965
1337.18 5.76059
1337.38 0.538297
1455.87 0.0691745
1456.07 0.0913375
1456.27 0.126604
1456.47 0.181437
1456.67 0.264728
1456.87 0.388312
1457.06 3.08712
1457.26 2.60216
1457.46 2.24192
1457.66 2.43121
1457.86 1.77031
1458.06 2.20748
1458.26 2.63588
1458.46 -2.46885
1458.66 -5.37335
1458.86 -17.3133
1459.06 -2.85246
1459.26 1.28348
1459.45 -5.43015
1459.65 -13.0954
1459.85 -17.148
1460.05 -44.3962
1460.25 -26.0129
1460.45 -54.8914
1460.65 -16.0748
1460.85 -20.922
1461.05 -35.6102
1461.25 -21.1464
1461.45 -44.7993
1461.65 -3.35318
1461.84 -4.17972
1462.04 3.24694
1462.24 -28.5203
1462.44 -12.9891
1462.64 -15.4868
1462.84 -3.0883
1463.04 -2.86536
1463.24 -2.2638
1463.44 2.49378
1463.64 2.1329
1463.84 2.07854
1464.03 2.07432
1464.23 1.0679
1464.43 0.746669
1464.63 0.515285
1464.83 0.352558
1465.03 0.240789
1465.23 0.165796
1465.43 0.11663
1465.63 0.0851298
1759.56 0.216757
1759.76 4.54825
1759.96 0.252135
1760.16 0.283046
1760.36 0.327255
1760.56 0.389179
1760.76 0.474112
1760.95 0.588147
1761.15 0.737981
1761.35 0.930579
1761.55 2.2404
1761.75 2.70142
1761.95 1.82694
1762.15 2.01387
1762.35 2.10561
1762.55 -1.61124
1762.75 2.52908
1762.95 -0.341141
1763.15 1.34292
1763.34 1.49206
1763.54 -9.63253
1763.74 1.85914
1763.94 -5.56618
1764.14 -10.9048
1764.34 2.23934
1764.54 -3.07954
1764.74 -3.07336
1764.94 -0.475835
1765.14 -0.529336
1765.34 1.76879
1765.53 1.58225
1765.73 1.41416
1765.93 1.28904
1766.13 4.13539
1766.33 1.25536
1766.53 2.18632
1766.73 2.05104
1766.93 2.03797
1767.13 2.41962
1767.33 1.32232
1767.53 1.05229
1767.73 0.834765
1767.92 2.87037
1768.12 3.18206
1768.32 3.49727
1768.52 0.358452
1768.72 0.305355
1768.92 0.267765
1769.12 0.241695
1769.32 0.223979
1769.52 0.212179
2609.89 0.127822
2610.09 0.172203
2610.29 0.229738
2610.49 0.303149
2610.69 0.39532
2610.89 0.509168
2611.09 0.647473
2611.29 0.812661
2611.49 2.37977
2611.69 1.23015
2611.89 2.08107
2612.09 1.76437
2612.28 1.86284
2612.48 1.31118
2612.68 1.48235
2612.88 1.3522
2613.08 0.197704
2613.28 2.49409
2613.48 2.64224
2613.68 1.23997
2613.88 -2.02521
2614.08 1.28525
2614.28 4.82913
2614.48 1.31096
2614.67 -2.23839
2614.87 -2.18053
2615.07 1.27049
2615.27 1.24715
2615.47 2.69369
2615.67 3.86461
2615.87 -1.03287
2616.07 1.31853
2616.27 2.86063
2616.47 2.518
2616.67 2.00818
2616.86 1.87287
2617.06 2.98684
2617.26 1.31951
2617.46 2.3078
2617.66 0.880985
2617.86 0.705666
2618.06 3.11134
2618.26 0.435464
2618.46 0.335685
2618.66 0.25569
2618.86 0.192581
2619.06 0.143576
2619.25 0.106115
2619.45 0.0779196
2619.65 0.0570204
