578.358 -123.683
578.557 -150.871
578.756 -252.893
578.955 -150.876
579.154 -150.878
579.353 -150.88
579.553 -178.129
579.752 -123.628
579.951 -116.801
580.15 -123.608
580.349 -116.771
580.548 -116.75
580.748 -164.57
580.947 -75.6234
581.146 -123.488
581.345 -137.17
581.544 -205.994
581.743 -123.266
581.942 -150.875
582.142 -185.634
582.341 -143.814
582.54 -206.827
582.739 -115.539
582.938 -214.071
583.137 -143.574
583.337 -101.244
583.536 -185.887
583.735 -228.058
583.934 -157.751
584.133 -192.744
584.332 -150.822
584.532 -185.609
584.731 -171.674
584.93 -157.806
585.129 -192.344
585.328 -81.8889
585.527 -157.797
585.727 -206.057
585.926 -157.796
586.125 -144.007
586.324 -178.485
586.523 -130.207
586.722 -137.099
586.921 -171.605
587.121 -150.897
587.32 -171.616
587.519 -116.347
587.718 -220.009
587.917 -143.977
588.116 -123.223
604.447 -102.576
604.647 -150.896
604.846 -123.261
605.045 -199.27
605.244 -137.063
605.443 -233.887
605.642 -157.806
605.842 -123.194
606.041 -137.029
606.24 -150.877
606.439 -171.678
606.638 -130.037
606.837 -185.612
607.037 -81.1774
607.236 -157.785
607.435 -171.776
607.634 -249.226
607.833 -150.555
608.032 -228.722
608.231 -200.351
608.431 -265.375
608.63 -222.241
608.829 -193.15
609.028 -237.072
609.227 -149.001
609.426 -178.371
609.626 -259.093
609.825 -163.901
610.024 -222.28
610.223 -113.632
610.422 -142.862
610.621 -178.861
610.821 -193.097
611.02 -228.423
611.219 -164.738
611.418 -136.61
611.617 -213.926
611.816 -220.891
612.015 -199.824
612.215 -115.698
612.414 -213.837
612.613 -227.867
612.812 -157.753
613.011 -150.735
613.21 -171.782
613.41 -150.724
613.609 -136.673
613.808 -143.687
614.007 -101.515
614.206 -192.877
656.826 -150.906
657.025 -144.051
657.225 -144.053
657.424 -178.3
657.623 -137.212
657.822 -191.959
658.021 -116.702
658.22 -103.041
658.42 -144.064
658.619 -109.903
658.818 -144.066
659.017 -205.547
659.216 -205.562
659.415 -157.737
659.614 -157.748
659.814 -96.0582
660.013 -109.68
660.212 -185.356
660.411 -137.065
660.61 -143.931
660.809 -157.799
661.009 -136.828
661.208 -178.775
661.407 -115.66
661.606 -206.877
661.805 -234.905
662.004 -143.767
662.204 -136.848
662.403 -150.849
662.602 -178.583
662.801 -150.901
663 -212.734
663.199 -164.599
663.398 -89.411
663.598 -137.246
663.797 -150.891
663.996 -137.24
664.195 -185.089
664.394 -75.5272
664.593 -164.645
664.793 -199.101
664.992 -123.307
665.191 -226.869
665.39 -157.803
665.589 -164.705
665.788 -123.332
665.988 -95.9056
666.187 -178.318
666.386 -75.7859
666.585 -130.467
666.784 -205.061
666.983 -157.563
667.183 -130.569
667.382 -157.453
667.581 -184.221
667.78 -117.212
667.979 -164.021
668.178 -110.57
668.377 -117.26
668.577 -83.9343
668.776 -117.278
668.975 -163.898
669.174 -117.292
669.373 -157.209
669.572 -157.195
669.772 -137.246
669.971 -90.752
670.17 -123.961
670.369 -104.06
1115.49 -97.9425
1115.69 -156.341
1115.89 -130.382
1116.09 -85.0132
1116.29 -72.0786
1116.49 -136.825
1116.68 -91.5326
1116.88 -104.474
1117.08 -136.786
1117.28 -169.064
1117.48 -104.487
1117.68 -72.2264
1117.88 -149.647
1118.08 -130.291
1118.28 -52.9046
1118.48 -104.494
1118.68 -85.1446
1118.87 -156.099
1119.07 -110.942
1119.27 -110.942
1119.47 -98.0299
1119.67 -123.855
1119.87 -136.768
1120.07 -110.942
1120.27 -117.395
1120.47 -143.182
1120.67 -59.4115
1120.87 -117.378
1121.07 -98.0923
1121.26 -143.019
1121.46 -78.9083
1121.66 -98.1411
1121.86 -117.314
1122.06 -72.6588
1122.26 -123.651
1122.46 -85.4644
1122.66 -85.4858
1122.86 -129.935
1123.06 -136.251
1123.26 -85.5367
1123.46 -98.212
1123.65 -91.8892
1123.85 -110.861
1124.05 -142.439
1124.25 -91.9103
1124.45 -98.2248
1124.65 -110.834
1124.85 -73.0301
1125.05 -91.9342
1125.25 -110.812
1150.34 -40.004
1150.54 -67.8501
1150.74 -51.1656
1150.94 -17.8794
1151.14 -56.7228
1151.34 -62.2561
1151.54 -78.8263
1151.74 -23.6075
1151.94 -78.7642
1152.13 -34.6986
1152.33 -62.2116
1152.53 -78.6775
1152.73 -62.1948
1152.93 -56.7065
1153.13 -29.3196
1153.33 -51.2289
1153.53 -105.944
1153.73 -67.6402
1153.93 -45.7622
1154.13 -51.2313
1154.33 -12.9635
1154.52 -94.9537
1154.72 -45.7711
1154.92 -29.4031
1155.12 -62.1402
1155.32 -73.0127
1155.52 -29.5074
1155.72 -67.5047
1155.92 -29.6117
1156.12 -35.0621
1156.32 -40.4822
1156.52 -67.3126
1156.72 -45.8778
1156.91 -40.5546
1157.11 -61.8338
1157.31 -67.0964
1157.51 -61.7579
1157.71 -56.4458
1157.91 -88.0108
1158.11 -35.3836
1158.31 -51.1332
1158.51 -4.0165
1158.71 -19.7628
1158.91 -19.8064
1159.11 -56.2858
1159.3 -45.8703
1159.5 -30.3048
1159.7 -45.8587
1159.9 -51.02
1160.1 -35.5273
1168.27 -55.3191
1168.47 -40.5504
1168.66 -60.2204
1168.86 -25.7967
1169.06 -55.2867
1169.26 -50.3671
1169.46 -35.6278
1169.66 -25.8052
1169.86 -25.8049
1170.06 -30.7154
1170.26 -30.7134
1170.46 -15.9477
1170.66 -10.9904
1170.86 -40.5744
1171.05 -20.7749
1171.25 -35.6377
1171.45 -30.6411
1171.65 -10.5279
1171.85 -20.4734
1172.05 -35.6022
1172.25 -15.1548
1172.45 -45.8215
1172.65 -87.0826
1172.85 -19.9965
1173.05 -56.2233
1173.25 -56.2275
1173.44 -56.2099
1173.64 -40.6854
1173.84 -30.4077
1174.04 -40.6878
1174.24 -40.6814
1174.44 -35.6184
1174.64 -55.6962
1174.84 -20.6844
1175.04 -25.7275
1175.24 -25.7753
1175.44 -50.3453
1175.64 -35.618
1175.83 3.37616
1176.03 -11.295
1176.23 -40.45
1176.43 -30.7468
1176.63 -40.4288
1176.83 -40.4213
1177.03 -50.0801
1177.23 -30.7505
1177.43 -16.2702
1177.63 -64.5229
1177.83 -35.574
1178.03 -35.5721
1178.22 -25.9346
1269.64 -62.016
1269.84 -12.6935
1270.04 -50.9094
1270.24 -134.097
1270.43 -156.374
1270.63 -228.472
1270.83 -330.084
1271.03 -676.738
1271.23 -841.885
1271.43 -1435.23
1271.63 -2074.06
1271.83 -3503.19
1272.03 -4426.45
1272.23 -6745.52
1272.43 -9389.32
1272.63 -12127.1
1272.82 -16787.5
1273.02 -21396
1273.22 -27453.7
1273.42 -32931.4
1273.62 -39357.4
1273.82 -45544.2
1274.02 -51036.1
1274.22 -54416.3
1274.42 -55390.7
1274.62 -56412.4
1274.82 -53218.3
1275.02 -49813.4
1275.21 -46805.5
1275.41 -41174.3
1275.61 -36175.1
1275.81 -28909.5
1276.01 -25125.3
1276.21 -18092.9
1276.41 -13570.3
1276.61 -9832.69
1276.81 -7275.65
1277.01 -4917.15
1277.21 -3295.2
1277.41 -2051.86
1277.6 -1324.32
1277.8 -625.875
1278 -368.817
1278.2 -136.175
1278.4 -81.6058
1278.6 -48.916
1278.8 -56.699
1279 -1.35969
1279.2 -43.7846
1279.4 -21.3858
1279.6 -5.48662
1279.8 1.6168
1279.99 -5.94146
1280.19 -23.2385
1280.39 -6.07559
1280.59 -2.84181
1280.79 -9.26645
1280.99 -12.3017
1281.19 3.11857
1281.39 -6.04863
1281.59 -12.0376
1281.79 -9.01557
1281.99 -9.00418
1282.19 2.90221
1282.38 -3.04951
1282.58 5.84274
1282.78 -0.102791
1282.98 5.74574
1283.18 -0.159111
1283.38 -8.83743
1283.58 2.59391
1283.78 -3.08992
1283.98 -3.08934
1284.18 2.28161
1284.38 -16.1573
1284.58 -5.59174
1284.77 4.42224
1284.97 -7.75734
1285.17 -0.580553
1285.37 -5.05543
1285.57 -0.589462
1285.77 -0.575494
1285.97 -0.547512
1327.59 1.25905
1327.79 -6.96087
1327.99 -0.391287
1328.19 4.61051
1328.39 -2.09586
1328.59 1.28
1328.79 3.00959
1328.99 4.79188
1329.19 4.86886
1329.39 1.32873
1329.59 1.3556
1329.78 1.39428
1329.98 1.44957
1330.18 1.52729
1330.38 -7.26569
1330.58 -7.62037
1330.78 -10.4559
1330.98 -3.06759
1331.18 2.42329
1331.38 -8.85132
1331.58 -12.0514
1331.78 0.137003
1331.98 -9.28345
1332.17 0.404288
1332.37 -2.80706
1332.57 -12.6673
1332.77 -9.36194
1332.97 -6.09429
1333.17 -2.92903
1333.37 -9.1446
1333.57 8.84725
1333.77 -0.220552
1333.97 -0.345357
1334.17 -5.69649
1334.36 -3.02679
1334.56 1.85789
1334.76 1.74564
1334.96 -2.84105
1335.16 1.60234
1335.36 5.86325
1335.56 -0.587393
1335.76 -0.584987
1335.96 3.59936
1336.16 -2.66982
1336.36 -0.582783
1336.56 1.50745
1336.75 -2.68044
1336.95 -4.7914
1337.15 1.52465
1337.35 -6.944
1455.85 2.91752
1456.05 2.90148
1456.25 -3.63099
1456.45 -3.61065
1456.65 4.49594
1456.85 -3.61951
1457.05 1.26169
1457.25 -0.404225
1457.45 -0.439943
1457.64 1.32437
1457.84 5.23287
1458.04 1.49046
1458.24 -5.09128
1458.44 -5.46036
1458.64 2.3081
1458.84 5.7781
1459.04 -6.09396
1459.24 7.78035
1459.44 -5.79519
1459.64 2.38468
1459.84 -37.7574
1460.03 -12.99
1460.23 -30.3256
1460.43 -30.4919
1460.63 -35.1029
1460.83 -35.1353
1461.03 -39.5954
1461.23 -30.4522
1461.43 -30.2484
1461.63 -0.427179
1461.83 -9.17477
1462.03 -5.58928
1462.22 -9.50111
1462.42 -9.40203
1462.62 -9.09608
1462.82 -0.339985
1463.02 -0.538311
1463.22 3.75841
1463.42 1.37694
1463.62 4.60893
1463.82 -1.69297
1464.02 -0.05538
1464.22 3.54853
1464.42 3.35696
1464.61 2.2658
1464.81 0.461215
1465.01 0.537981
1465.21 1.38971
1465.41 0.656018
1465.61 2.1472
1465.81 2.13502
1759.57 2.51751
1759.77 0.888915
1759.97 0.897522
1760.17 0.910913
1760.37 0.931264
1760.57 0.961468
1760.76 1.00524
1760.96 1.06715
1761.16 2.25485
1761.36 2.1796
1761.56 3.47893
1761.76 1.61208
1761.96 2.00568
1762.16 2.00503
1762.36 2.48968
1762.56 2.15199
1762.76 0.277461
1762.95 -0.0465722
1763.15 -0.284405
1763.35 4.76277
1763.55 -2.4555
1763.75 -0.579842
1763.95 1.59533
1764.15 3.94793
1764.35 6.35592
1764.55 1.74016
1764.75 -2.8761
1764.95 -5.04199
1765.15 3.65991
1765.34 -8.50838
1765.54 -2.30691
1765.74 -0.360843
1765.94 1.22741
1766.14 3.51954
1766.34 2.21186
1766.54 2.08802
1766.74 2.01888
1766.94 2.00018
1767.14 2.02315
1767.34 2.65424
1767.54 1.32941
1767.73 4.26669
1767.93 1.102
1768.13 2.35673
1768.33 0.979313
1768.53 0.943587
1768.73 0.919225
1768.93 0.903
1769.13 2.50632
1769.33 2.51471
2609.58 0.0389668
2609.78 0.0495272
2609.98 0.0642685
2610.18 0.0844847
2610.38 0.111718
2610.58 0.147749
2610.77 0.194555
2610.97 4.37947
2611.17 0.328935
2611.37 0.42063
2611.57 0.531008
2611.77 0.661231
2611.97 2.61523
2612.17 5.2504
2612.37 1.17009
2612.57 1.37331
2612.77 1.58726
2612.97 1.8064
2613.16 1.9762
2613.36 2.01259
2613.56 2.42505
2613.76 1.03528
2613.96 2.72896
2614.16 0.0574449
2614.36 2.88404
2614.56 1.41534
2614.76 0.711448
2614.96 2.12282
2615.16 2.66776
2615.36 2.05688
2615.55 2.02532
2615.75 2.13435
2615.95 1.9205
2616.15 1.70144
2616.35 2.67722
2616.55 1.27503
2616.75 1.07875
2616.95 2.49818
2617.15 4.72459
2617.35 0.597563
2617.55 0.476961
2617.75 0.375681
2617.94 4.13858
2618.14 0.224951
2618.34 0.171584
2618.54 0.130072
2618.74 0.0983649
2618.94 0.0745811
2619.14 0.0570558
2619.34 0.0443681
