272.526 -804.713
272.725 -898.47
272.924 -823.464
273.124 -870.34
273.323 -654.708
273.522 -776.587
273.721 -917.212
273.92 -776.588
274.119 -729.715
274.319 -748.465
274.518 -954.701
274.717 -692.222
274.916 -720.346
275.115 -889.077
275.314 -767.216
275.513 -879.702
275.713 -832.833
275.912 -692.225
276.111 -889.078
276.31 -692.22
276.509 -720.34
276.708 -748.462
276.908 -879.714
277.107 -842.214
277.306 -757.835
277.505 -776.587
277.704 -739.088
277.903 -907.83
278.102 -917.196
278.302 -701.608
278.501 -823.456
278.7 -785.967
278.899 -804.71
279.098 -926.534
279.297 -748.486
279.497 -767.228
279.696 -729.748
279.895 -889.04
280.094 -748.49
280.293 -720.382
280.492 -776.6
280.691 -757.862
280.891 -823.447
281.09 -711.018
281.289 -992.087
281.488 -785.971
281.687 -757.865
281.886 -795.34
282.086 -804.708
282.285 -814.076
342.23 -446.224
342.429 -404.249
342.628 -362.345
342.827 -404.281
343.026 -571.684
343.225 -471.202
343.425 -312.413
343.624 -337.545
343.823 -437.688
344.022 -337.675
344.221 -429.31
344.42 -404.337
344.62 -495.738
344.819 -454.14
345.018 -354.569
345.217 -354.614
345.416 -429.133
345.615 -453.882
345.814 -296.97
346.014 -363.035
346.213 -445.366
346.412 -346.656
346.611 -469.781
346.81 -477.842
347.009 -338.586
347.209 -314.091
347.408 -395.822
347.607 -322.33
347.806 -330.51
348.005 -322.368
348.204 -395.76
348.403 -265.365
348.603 -395.723
348.802 -289.9
349.001 -395.67
349.2 -298.136
349.399 -322.541
349.598 -306.352
349.798 -314.498
349.997 -298.348
350.196 -290.314
350.395 -508.434
350.594 -411.446
350.793 -500.023
350.992 -274.434
351.192 -274.503
351.391 -370.968
351.59 -314.756
351.789 -362.87
351.988 -306.785
578.226 -90.7935
578.425 -79.4057
578.624 -73.7119
578.823 -73.7113
579.023 -11.0969
579.222 -56.6346
579.421 -45.2519
579.62 -39.5615
579.819 -33.8712
580.018 -50.9447
580.217 -90.7824
580.417 -33.8682
580.616 -102.176
580.815 -96.4944
581.014 -68.023
581.213 -102.243
581.412 -45.1923
581.611 -90.911
581.811 -56.5821
582.01 -39.3324
582.209 -50.7798
582.408 -44.9684
582.607 -96.973
582.806 -73.8466
583.006 -79.6523
583.205 -50.6453
583.404 -79.6496
583.603 -108.591
583.802 -21.8148
584.001 -56.5203
584.2 -68.0495
584.4 -73.7813
584.599 -68.0386
584.798 -79.4556
584.997 -33.8117
585.196 -90.8021
585.395 -90.7771
585.595 -56.6412
585.794 -50.9602
585.993 -56.646
586.192 -90.7339
586.391 -39.607
586.59 -62.3285
586.789 -62.3285
586.989 -62.3286
587.188 -90.7216
587.387 -39.6157
587.586 -62.3287
587.785 -73.6839
587.984 -28.2653
588.184 -68.0057
604.514 -39.8164
604.713 -45.4418
604.912 -62.3228
605.112 -34.184
605.311 -79.2078
605.51 -62.3233
605.709 -45.4354
605.908 -84.8442
606.107 -22.905
606.306 -28.5259
606.506 -73.5973
606.705 -51.0452
606.904 -56.68
607.103 -90.6215
607.302 -79.3507
607.501 -90.8003
607.701 -102.371
607.9 -96.8275
608.099 -68.0526
608.298 -91.3797
608.497 -91.5162
608.696 -97.5409
608.895 -38.207
609.095 -79.8258
609.294 -79.8277
609.493 -44.012
609.692 -67.9172
609.891 -73.8826
610.09 -67.9994
610.29 -85.5803
610.489 -56.4322
610.688 -79.5938
610.887 -45.0982
611.086 -85.1562
611.285 -68.0144
611.484 -45.3163
611.684 -56.6692
611.883 -73.6339
612.082 -124.46
612.281 -34.0982
612.48 -45.3935
612.679 -67.9712
612.879 -51.0391
613.078 -96.1923
613.277 -17.1714
613.476 -34.1031
613.675 -73.6178
613.874 -51.0362
614.073 -39.7435
614.273 -84.9132
758.26 -116.282
758.459 -55.4696
758.658 -73.7141
758.858 -110.17
759.057 -134.451
759.256 -67.657
759.455 -122.275
759.654 -43.4081
759.853 -85.8664
760.053 -49.5012
760.252 -85.865
760.451 -55.5844
760.65 -97.9706
760.849 -73.76
761.048 -37.4699
761.247 -116.094
761.447 -55.6372
761.646 -55.6471
761.845 -103.978
762.044 -85.8564
762.243 -73.7834
762.442 -67.7527
762.641 -97.9159
762.841 -85.8514
763.04 -61.7421
763.239 -97.8973
763.438 -79.8246
763.637 -55.7484
763.836 -91.8592
764.036 -115.909
764.235 -73.8165
764.434 -85.8359
764.633 -67.818
764.832 -97.8356
765.031 -79.829
765.23 -91.8218
765.43 -121.78
765.629 -61.8615
765.828 -97.784
766.027 -97.7682
766.226 -67.8804
766.425 -103.691
766.625 -50.0376
766.824 -67.926
767.023 -127.291
767.222 -38.3533
767.421 -97.5199
767.62 -56.2032
767.819 -50.3557
768.019 -85.6345
768.218 -73.8863
768.417 -109.065
768.616 -73.8856
768.815 -62.1531
769.014 -85.6323
769.214 -32.7285
769.413 -50.3356
769.612 -73.8884
769.811 -85.6954
770.01 -97.5266
770.209 -97.5442
770.408 -85.7203
770.608 -44.2867
770.807 -62.044
771.006 -91.6428
771.205 -56.1294
771.404 -85.7183
771.603 -62.0563
771.803 -91.623
772.002 -85.7063
772.201 -56.1649
772.4 -67.9827
772.599 -85.6923
772.798 -62.0889
772.997 -62.0944
773.197 -79.7829
801.277 -55.2906
801.476 -98.1027
801.675 -98.1085
801.875 -91.9886
802.074 -98.1199
802.273 -24.5328
802.472 -85.8582
802.671 -49.0191
802.87 -122.712
803.07 -128.875
803.269 -104.298
803.468 -122.76
803.667 -104.31
803.866 -73.5346
804.065 -61.2179
804.264 -73.5309
804.464 -110.472
804.663 -98.1571
804.862 -104.307
805.061 -104.301
805.26 -85.8519
805.459 -135.012
805.659 -73.5683
805.858 -110.425
806.057 -79.7099
806.256 -67.4102
806.455 -122.763
806.654 -48.887
806.853 -73.5014
807.053 -67.2976
807.252 -129.126
807.451 -98.201
807.65 -36.1555
807.849 -129.282
808.048 -91.9974
808.248 -98.222
808.447 -91.9912
808.646 -98.2267
808.845 -79.4988
809.044 -104.477
809.243 -110.733
809.442 -104.486
809.642 -110.748
809.841 -85.7089
810.04 -73.1725
810.239 -104.501
810.438 -73.1463
810.637 -104.508
810.837 -91.9543
811.036 -123.358
823.184 -136.438
823.383 -136.476
823.582 -149.303
823.781 -72.517
823.981 -59.6478
824.18 -66.0034
824.379 -78.8025
824.578 -136.69
824.777 -104.498
824.976 -65.7663
825.176 -117.402
825.375 -169.173
825.574 -110.933
825.773 -188.774
825.972 -97.9331
826.171 -84.9069
826.37 -104.401
826.57 -84.8363
826.769 -84.8017
826.968 -156.603
827.167 -71.6585
827.366 -156.678
827.565 -189.467
827.765 -163.309
827.964 -71.4596
828.163 -97.6896
828.362 -183.172
828.561 -123.975
828.76 -110.792
828.959 -123.975
829.159 -157.003
829.358 -110.746
829.557 -90.8697
829.756 -110.712
829.955 -183.67
830.154 -70.829
830.353 -157.194
830.553 -143.913
830.752 -110.617
830.951 -117.265
855.646 -123.662
855.845 -72.6821
856.044 -72.6803
856.243 -123.665
856.443 -117.292
856.642 -110.919
856.841 -117.294
857.04 -104.544
857.239 -59.9059
857.438 -117.301
857.637 -168.356
857.837 -98.1561
858.036 -117.321
858.235 -91.7369
858.434 -98.1187
858.633 -130.216
858.832 -59.4066
859.032 -91.5503
859.231 -143.363
859.43 -130.445
859.629 -176.258
859.828 -91.1609
860.027 -130.557
860.226 -104.183
860.426 -157.004
860.625 -130.581
860.824 -104.17
861.023 -97.6194
861.222 -117.402
861.421 -137.059
861.62 -84.8013
861.82 -162.912
862.019 -123.886
862.218 -72.2174
862.417 -98.0717
862.616 -123.785
862.815 -110.939
863.015 -110.936
863.214 -91.7447
863.413 -104.539
863.612 -136.489
863.811 -91.7632
864.01 -104.541
864.209 -104.541
864.409 -149.254
864.608 -130.091
864.807 -142.868
865.006 -98.1521
865.205 -53.4316
865.404 -85.3734
929.133 -171.784
929.332 -207.21
929.532 -157.61
929.731 -178.87
929.93 -193.047
930.129 -285.219
930.328 -129.232
930.527 -164.686
930.727 -200.156
930.926 -164.679
931.125 -86.5774
931.324 -114.943
931.523 -200.2
931.722 -214.45
931.921 -136.131
932.121 -193.138
932.32 -171.716
932.519 -164.527
932.718 -214.727
932.917 -293.952
933.116 -171.565
933.316 -265.516
933.515 -127.995
933.714 -156.915
933.913 -236.771
934.112 -185.925
934.311 -156.88
934.51 -222.218
934.71 -207.692
934.909 -142.593
935.108 -222.069
935.307 -229.202
935.506 -214.749
935.705 -121.473
935.905 -164.534
936.104 -193.161
936.303 -136.006
936.502 -143.178
936.701 -235.946
936.9 -178.87
937.099 -193.134
937.299 -200.264
937.498 -178.871
937.697 -193.134
937.896 -200.268
938.095 -143.201
938.294 -178.869
938.494 -178.869
938.693 -143.184
938.892 -257.385
1115.34 -104.546
1115.54 -66.5264
1115.74 -142.462
1115.94 -123.444
1116.14 -73.0778
1116.34 -98.2327
1116.54 -79.4643
1116.74 -91.9878
1116.93 -91.9968
1117.13 -104.414
1117.33 -98.1947
1117.53 -116.694
1117.73 -104.312
1117.93 -91.9954
1118.13 -110.349
1118.33 -73.6604
1118.53 -61.5213
1118.73 -61.5877
1118.93 -110.075
1119.13 -79.8194
1119.32 -91.8625
1119.52 -85.8297
1119.72 -55.8968
1119.92 -67.8962
1120.12 -91.7113
1120.32 -115.37
1120.52 -62.0727
1120.72 -73.8887
1120.92 -91.485
1121.12 -73.8796
1121.32 -56.3978
1121.52 -44.8441
1121.71 -79.613
1121.91 -39.2629
1122.11 -50.8382
1122.31 -85.1718
1122.51 -33.8745
1122.71 -50.9935
1122.91 -17.1656
1123.11 -84.8107
1123.31 -79.1087
1123.51 -45.5664
1123.71 -23.4053
1123.9 -51.1926
1124.1 -122.782
1124.3 -34.7816
1124.5 -78.5196
1124.7 -51.2405
1124.9 -18.7983
1125.1 -83.5281
1150.39 -61.6886
1150.59 -24.8685
1150.79 -77.369
1150.99 -30.1764
1151.19 -35.4293
1151.39 -45.8813
1151.59 -45.8772
1151.79 -35.4719
1151.99 -25.1007
1152.18 -30.3118
1152.38 -30.329
1152.58 -45.8533
1152.78 -30.3558
1152.98 -45.8461
1153.18 -71.6345
1153.38 -45.8434
1153.58 -56.1596
1153.78 -25.2066
1153.98 -30.3604
1154.18 -35.5193
1154.38 -40.684
1154.57 -51.0209
1154.77 -76.8556
1154.97 -40.685
1155.17 -35.5306
1155.37 -35.5431
1155.57 -40.6887
1155.77 -30.4626
1155.97 -10.1318
1156.17 -40.677
1156.37 -35.6201
1156.57 -45.6735
1156.77 -45.632
1156.96 -40.6133
1157.16 -15.8201
1157.36 -35.634
1157.56 -84.7896
1157.76 -30.7238
1157.96 -55.1504
1158.16 -25.8695
1158.36 -25.8882
1158.56 -40.4327
1158.76 -30.7505
1158.96 -40.3878
1159.15 -30.7534
1159.35 -30.7537
1159.55 -16.4085
1159.75 -25.9823
1159.95 -11.7197
1160.15 -26.0014
1168.32 -79.662
1168.52 -61.1686
1168.71 -61.078
1168.91 -104.471
1169.11 -66.3769
1169.31 -143.675
1169.51 -199.094
1169.71 -266.299
1169.91 -385.468
1170.11 -522.556
1170.31 -711.748
1170.51 -1132.84
1170.71 -1519.65
1170.9 -2071.87
1171.1 -3178.31
1171.3 -4720.7
1171.5 -6182.77
1171.7 -8311.03
1171.9 -10294.7
1172.1 -12271.3
1172.3 -15085
1172.5 -17541.6
1172.7 -19452.2
1172.9 -20600.8
1173.1 -20940.4
1173.29 -21192.4
1173.49 -20970.4
1173.69 -19819.5
1173.89 -17599.5
1174.09 -16271.1
1174.29 -14652.7
1174.49 -11099.9
1174.69 -8935.11
1174.89 -6397.56
1175.09 -5065.72
1175.29 -3801.85
1175.49 -2674.23
1175.68 -1655.69
1175.88 -1103.63
1176.08 -647.565
1176.28 -429.427
1176.48 -191.447
1176.68 -102.812
1176.88 -98.1214
1177.08 -56.6888
1177.28 -74.5241
1177.48 -4.0138
1177.68 -25.2409
1177.88 -13.1908
1178.07 0.976439
1233.24 2.75691
1233.44 -14.6437
1233.64 -8.82126
1233.84 2.61253
1234.04 -5.9141
1234.24 -5.89426
1234.43 2.47672
1234.63 -3.09025
1234.83 5.13796
1235.03 -3.08799
1235.23 -5.79311
1235.43 -5.7769
1235.63 -3.08226
1235.83 -3.08097
1236.03 -5.7528
1236.23 4.94207
1236.43 -3.08203
1236.63 -0.39303
1236.82 5.0241
1237.02 -5.80381
1237.22 -5.81711
1237.42 -5.82648
1237.62 -8.57022
1237.82 -5.82502
1238.02 5.07948
1238.22 -11.1814
1238.42 4.91526
1238.62 2.17317
1238.82 2.08448
1239.02 -0.516478
1239.21 -0.54617
1239.41 -7.67234
1239.61 -0.58435
1239.81 -0.591165
1240.01 -4.89681
1240.21 -4.75606
1240.41 -0.569839
1240.61 -2.51887
1240.81 3.28993
1241.01 -2.37244
1241.21 -0.48788
1241.41 3.07294
1241.6 -0.436201
1241.8 4.63507
1242 2.89904
1242.2 2.84609
1242.4 1.24171
1242.6 2.74486
1242.8 -3.16611
1243 1.228
1276.06 -0.367772
1276.26 -0.363069
1276.46 -0.358259
1276.66 -0.353307
1276.85 2.84988
1277.05 2.84137
1277.25 -5.09077
1277.45 1.2461
1277.65 2.81185
1277.85 2.79958
1278.05 4.33041
1278.25 1.23808
1278.45 2.74902
1278.65 4.21861
1278.85 2.69902
1279.05 -1.65022
1279.24 -0.179034
1279.44 2.59745
1279.64 -2.76127
1279.84 2.52057
1280.04 1.23692
1280.24 -2.37867
1280.44 0.0774355
1280.64 3.54317
1280.84 2.38436
1281.04 3.49097
1281.24 0.148558
1281.43 3.50814
1281.63 2.39769
1281.83 1.251
1282.03 3.63009
1282.23 0.0200912
1282.43 -1.26006
1282.63 -1.31393
1282.83 3.82296
1283.03 1.23001
1283.23 -0.0983288
1283.43 1.22861
1283.63 2.57143
1283.82 -1.46349
1284.02 3.92019
1284.22 3.91632
1284.42 1.22845
1284.62 3.90002
1284.82 -1.43114
1285.02 2.5532
1285.22 -1.40475
1285.42 -0.0801355
1285.62 3.8375
1285.82 -0.0647813
1327.64 -12.2846
1327.84 -21.3825
1328.04 -35.5619
1328.24 -25.4941
1328.43 -78.4127
1328.63 -97.6179
1328.83 -97.7964
1329.03 -222.076
1329.23 -306.919
1329.43 -575.474
1329.63 -1047.98
1329.83 -1203.18
1330.03 -2039.33
1330.23 -2832.3
1330.43 -3304.73
1330.63 -4559.72
1330.82 -6233.26
1331.02 -8495.77
1331.22 -10267.5
1331.42 -12050.6
1331.62 -13782.3
1331.82 -15684.3
1332.02 -16283.6
1332.22 -17948
1332.42 -19318.9
1332.62 -18501.5
1332.82 -17366.9
1333.02 -16934.3
1333.21 -15113.4
1333.41 -14751.3
1333.61 -11181.4
1333.81 -9726.33
1334.01 -7692.94
1334.21 -6360.04
1334.41 -4671.46
1334.61 -3236.96
1334.81 -2338.22
1335.01 -1666.23
1335.21 -1113.23
1335.41 -684.293
1335.6 -213.277
1335.8 -147.568
1336 -104.073
1336.2 -73.7734
1336.4 -21.1628
1336.6 -13.2355
1336.8 5.3913
1337 4.87443
1337.2 2.7733
1337.4 2.78584
1372.85 2.46671
1373.05 0.925976
1373.24 4.00311
1373.44 2.46321
1373.64 0.931017
1373.84 0.935081
1374.04 0.941368
1374.24 0.950825
1374.44 0.964647
1374.64 2.40228
1374.84 2.37511
1375.04 2.341
1375.24 1.09439
1375.44 2.25432
1375.63 3.18583
1375.83 1.30921
1376.03 3.52475
1376.23 2.63621
1376.43 2.4665
1376.63 1.72594
1376.83 1.82801
1377.03 2.00175
1377.23 2.00003
1377.43 2.03587
1377.63 2.00078
1377.82 2.00057
1378.02 2.00004
1378.22 2.00062
1378.42 1.8686
1378.62 2.01417
1378.82 2.3983
1379.02 2.05811
1379.22 1.44929
1379.42 1.34983
1379.62 1.26061
1379.82 1.18348
1380.02 2.28036
1380.21 1.06706
1380.41 2.36061
1380.61 0.995504
1380.81 0.972788
1381.01 0.956556
1381.21 0.945289
1381.41 0.937689
1381.61 2.45833
1381.81 2.46198
1382.01 0.927554
1382.21 0.926364
1382.41 0.925665
1382.6 2.46691
1396.55 2.90369
1396.74 0.647334
1396.94 0.647564
1397.14 0.647955
1397.34 0.648605
1397.54 2.89858
1397.74 0.651298
1397.94 0.653811
1398.14 0.65754
1398.34 2.87141
1398.54 5.04219
1398.74 0.680734
1398.94 0.694299
1399.13 2.77823
1399.33 2.74009
1399.53 0.759158
1399.73 0.78923
1399.93 2.59905
1400.13 2.54912
1400.33 4.10634
1400.53 0.93305
1400.73 2.42052
1400.93 2.39044
1401.13 1.01803
1401.32 2.35547
1401.52 1.03621
1401.72 1.0309
1401.92 2.37026
1402.12 0.99345
1402.32 0.964
1402.52 0.929929
1402.72 0.89338
1402.92 0.856455
1403.12 0.821054
1403.32 2.64962
1403.52 0.760898
1403.71 0.738419
1403.91 2.75945
1404.11 2.77587
1404.31 0.711829
1404.51 0.720004
1404.71 0.739245
1404.91 0.771779
1405.11 0.820268
1405.31 0.88764
1405.51 2.41006
1405.71 2.30387
1405.91 1.22896
1406.1 1.3932
1406.3 2.0513
1406.5 1.7862
1406.7 2.00289
1406.9 1.80184
1407.1 2.0403
1407.3 0.471663
1407.5 2.76525
1407.7 -0.0219673
1407.9 2.1648
1408.1 2.16399
1408.3 2.14586
1408.49 2.11405
1408.69 1.55106
1408.89 1.66324
1409.09 2.20221
1409.29 2.00006
1409.49 1.76825
1409.69 1.56406
1409.89 1.37857
1410.09 4.20062
1410.29 1.07899
1410.49 0.966779
1410.69 2.52465
1410.88 0.809614
1411.08 0.758715
1411.28 0.721865
1411.48 0.695944
1411.68 0.678218
1411.88 0.66643
1412.08 5.10071
1412.28 2.88958
1412.48 0.651062
1412.68 0.649308
1412.88 0.64829
1455.89 3.69378
1456.09 1.03151
1456.29 1.03968
1456.49 1.0533
1456.69 2.31631
1456.89 1.11031
1457.09 2.24657
1457.29 1.24438
1457.49 2.13065
1457.69 1.52722
1457.88 2.53784
1458.08 1.94088
1458.28 2.04555
1458.48 2.17528
1458.68 0.0939112
1458.88 -0.289915
1459.08 -6.16
1459.28 -2.79958
1459.48 4.49456
1459.68 -3.09034
1459.88 -6.03284
1460.08 -2.91526
1460.27 -12.7195
1460.47 -12.8787
1460.67 -12.9556
1460.87 -9.48626
1461.07 -2.57585
1461.27 7.42195
1461.47 6.90775
1461.67 -2.98663
1461.87 -3.07838
1462.07 -5.70887
1462.27 -9.99527
1462.46 -0.574125
1462.66 2.98121
1462.86 1.22847
1463.06 3.24349
1463.26 1.50416
1463.46 2.01389
1463.66 2.00275
1463.86 1.63276
1464.06 1.438
1464.26 2.16242
1464.46 1.20112
1464.66 3.40076
1464.85 1.09155
1465.05 1.06354
1465.25 2.34234
1465.45 1.03532
1465.65 1.02897
1504.29 0.465018
1504.49 0.465375
1504.69 0.465978
1504.88 0.466968
1505.08 9.17606
1505.28 0.471029
1505.48 0.47479
1505.68 0.480358
1505.88 0.48838
1506.08 0.499627
1506.28 0.514967
1506.48 0.535306
1506.68 0.561508
1506.88 3.02138
1507.08 0.634037
1507.27 0.680756
1507.47 0.733851
1507.67 0.792081
1507.87 0.853514
1508.07 0.91559
1508.27 2.41166
1508.47 2.35793
1508.67 1.07415
1508.87 1.10719
1509.07 3.42367
1509.27 2.27222
1509.46 2.28179
1509.66 1.09018
1509.86 2.3386
1510.06 2.38653
1510.26 0.942239
1510.46 0.880892
1510.66 0.818908
1510.86 0.759075
1511.06 2.79298
1511.26 2.88953
1511.46 0.611218
1511.66 0.575419
1511.85 0.546395
1512.05 0.523555
1512.25 0.506094
1512.45 0.493117
1512.65 0.483735
1512.85 0.477135
1513.05 0.472613
1513.25 0.469598
1513.45 3.37405
1513.65 3.37813
1513.85 3.38065
1514.05 0.46517
1656.44 0.28588
1656.64 0.285864
1656.84 4.17679
1657.04 0.285799
1657.24 0.285737
1657.44 0.285646
1657.63 0.285512
1657.83 4.17988
1658.03 0.285061
1658.23 0.284708
1658.43 0.284244
1658.63 0.283651
1658.83 0.282913
1659.03 0.28202
1659.23 0.280972
1659.43 0.279778
1659.63 0.278462
1659.83 0.277062
1660.02 0.275629
1660.22 0.274226
1660.42 0.272923
1660.62 0.271791
1660.82 4.26923
1661.02 0.270296
1661.22 4.27479
1661.42 0.270106
1661.62 0.270531
1661.82 0.271271
1662.02 0.272281
1662.22 0.273498
1662.41 0.274854
1662.61 0.276278
1662.81 0.277701
1663.01 0.279067
1663.21 0.280329
1663.41 4.20329
1663.61 0.282436
1663.81 0.283258
1664.01 0.283929
1664.21 0.284462
1664.41 0.284874
1664.61 0.285184
1664.8 0.285412
1665 0.285575
1665.2 0.285689
1665.4 4.17722
1665.6 0.285817
1665.8 0.285851
1666 4.17659
1666.2 0.285885
1724.75 0.422496
1724.95 0.423364
1725.15 0.424739
1725.35 3.51574
1725.55 0.430073
1725.75 3.48683
1725.94 3.46257
1726.14 0.451165
1726.34 0.464259
1726.54 0.481754
1726.74 3.25905
1726.94 0.533451
1727.14 0.569166
1727.34 0.612084
1727.54 0.662198
1727.74 0.718981
1727.94 0.781299
1728.13 0.847379
1728.33 2.47915
1728.53 0.980797
1728.73 3.64986
1728.93 1.09536
1729.13 1.13766
1729.33 1.16641
1729.53 1.17982
1729.73 1.17705
1729.93 1.15828
1730.13 4.5785
1730.33 1.07837
1730.52 1.02206
1730.72 2.42914
1730.92 2.50668
1731.12 0.824946
1731.32 6.56564
1731.52 0.699436
1731.72 0.644864
1731.92 0.597183
1732.12 0.556731
1732.32 0.523365
1732.52 3.28289
1732.72 0.475642
1732.91 0.459686
1733.11 0.447831
1733.31 3.47096
1733.51 0.433159
1733.71 0.428962
1733.91 0.426131
1734.11 0.424267
1734.31 0.423068
1734.51 0.422314
1759.6 0.00474827
1759.8 0.00785169
1760 0.0127515
1760.2 0.0203104
1760.4 0.031703
1760.6 0.0484745
1760.8 0.0725854
1761 0.106426
1761.19 0.152781
1761.39 0.214732
1761.59 4.12013
1761.79 0.398036
1761.99 0.524943
1762.19 2.84195
1762.39 0.856722
1762.59 2.3296
1762.79 2.17011
1762.99 1.52339
1763.19 2.26003
1763.38 1.98913
1763.58 1.78818
1763.78 2.43868
1763.98 2.07562
1764.18 2.71706
1764.38 2.77827
1764.58 0.802643
1764.78 2.10664
1764.98 2.61595
1765.18 1.63337
1765.38 1.52546
1765.58 2.03604
1765.77 2.01125
1765.97 2.0598
1766.17 2.15618
1766.37 1.08426
1766.57 2.52375
1766.77 0.697071
1766.97 0.541503
1767.17 0.411876
1767.37 0.306746
1767.57 0.223689
1767.77 0.159727
1767.97 0.111684
1768.16 0.0764726
1768.36 0.0512819
1768.56 0.0336842
1768.76 0.0216768
1768.96 0.0136726
1769.16 0.00845872
1769.36 0.00513939
1842.45 0.205397
1842.65 0.206114
1842.85 0.207237
1843.05 0.208959
1843.25 0.21154
1843.44 0.215321
1843.64 0.220736
1843.84 0.228314
1844.04 4.49029
1844.24 4.39148
1844.44 0.270517
1844.64 0.29342
1844.84 0.321809
1845.04 0.356097
1845.24 3.63332
1845.44 3.45943
1845.64 0.49365
1845.83 0.548659
1846.03 0.605819
1846.23 0.662977
1846.43 0.717655
1846.63 0.767211
1846.83 0.80905
1847.03 4.30683
1847.23 2.54695
1847.43 0.867568
1847.63 0.860903
1847.83 0.841156
1848.02 4.4274
1848.22 0.767809
1848.42 0.718376
1848.62 0.663802
1848.82 2.99238
1849.02 0.549616
1849.22 0.49463
1849.42 0.443471
1849.62 0.39735
1849.82 0.356978
1850.02 0.322614
1850.22 0.294135
1850.41 0.271135
1850.61 0.253022
1850.81 0.239101
1851.01 0.228657
1851.21 0.221004
1851.41 0.215525
1851.61 0.211691
1851.81 0.209069
1852.01 0.207315
1852.21 4.7506
1852.41 0.205433
2113.69 0.189651
2113.89 0.190001
2114.09 0.190516
2114.29 0.191256
2114.49 0.192298
2114.69 0.193735
2114.89 0.195675
2115.09 0.198241
2115.29 4.79118
2115.49 0.205764
2115.69 0.210966
2115.89 4.6569
2116.08 0.224686
2116.28 0.233248
2116.48 0.242864
2116.68 0.253375
2116.88 0.264533
2117.08 0.27601
2117.28 0.287405
2117.48 4.10411
2117.68 0.308111
2117.88 0.316481
2118.08 0.322954
2118.28 0.327193
2118.47 0.328971
2118.67 3.9428
2118.87 0.324898
2119.07 0.319269
2119.27 0.311603
2119.47 0.302289
2119.67 0.29178
2119.87 0.280551
2120.07 0.269068
2120.27 4.35556
2120.47 0.246965
2120.67 0.236983
2120.86 0.227999
2121.06 0.220122
2121.26 0.213386
2121.46 0.207762
2121.66 0.203174
2121.86 0.199514
2122.06 4.83552
2122.26 0.194479
2122.46 0.192849
2122.66 0.191656
2122.86 0.190801
2123.06 0.1902
2123.25 0.189786
2123.45 0.189507
2153.72 0.193466
2153.92 0.193792
2154.12 0.194268
2154.32 4.85127
2154.52 0.195907
2154.72 4.83035
2154.92 0.198998
2155.12 0.201339
2155.32 0.204362
2155.52 0.208183
2155.72 0.212907
2155.92 0.218615
2156.11 0.225354
2156.31 0.233119
2156.51 0.241844
2156.71 0.251388
2156.91 0.261536
2157.11 0.271996
2157.31 0.282411
2157.51 0.292378
2157.71 0.301468
2157.91 0.30926
2158.11 0.315374
2158.31 3.98782
2158.5 0.321406
2158.7 3.97989
2158.9 0.318318
2159.1 0.313484
2159.3 0.306757
2159.5 4.10288
2159.7 0.289048
2159.9 0.27889
2160.1 0.268427
2160.3 0.258049
2160.5 0.248089
2160.69 0.238814
2160.89 0.230413
2161.09 0.222999
2161.29 0.216616
2161.49 0.21125
2161.69 0.206843
2161.89 0.203301
2162.09 0.200518
2162.29 0.198377
2162.49 0.196764
2162.69 0.195573
2162.89 4.85347
2163.08 0.194103
2163.28 0.193679
2163.48 0.193391
2199.13 0.0742617
2199.33 0.0757963
2199.53 0.078042
2199.73 0.081264
2199.93 0.085796
2200.13 0.0920438
2200.33 0.100484
2200.53 0.111654
2200.72 0.126131
2200.92 0.144502
2201.12 0.167314
2201.32 0.195021
2201.52 0.227916
2201.72 4.30042
2201.92 0.309221
2202.12 0.356817
2202.32 0.407885
2202.52 0.46108
2202.72 0.514713
2202.92 0.56682
2203.11 0.615273
2203.31 0.657924
2203.51 2.81321
2203.71 0.718033
2203.91 2.74143
2204.11 2.73655
2204.31 0.726387
2204.51 0.706197
2204.71 0.675783
2204.91 0.636684
2205.11 3.02966
2205.31 0.540226
2205.5 0.487126
2205.7 3.49135
2205.9 0.38132
2206.1 0.331957
2206.3 4.17222
2206.5 0.246015
2206.7 0.210591
2206.9 0.180404
2207.1 0.155264
2207.3 0.13479
2207.5 0.118474
2207.7 5.98549
2207.89 0.0960201
2208.09 0.0887413
2208.29 0.0834027
2208.49 0.0795646
2208.69 0.0768593
2208.89 0.0749896
2442.89 0.230168
2443.09 0.230278
2443.29 0.230432
2443.49 0.230644
2443.69 0.230929
2443.89 0.231306
2444.09 0.231796
2444.29 4.53714
2444.49 0.233197
2444.69 0.234148
2444.89 0.235288
2445.09 0.236626
2445.28 0.238163
2445.48 4.48134
2445.68 0.24178
2445.88 4.4529
2446.08 0.245904
2446.28 0.248027
2446.48 0.250099
2446.68 4.39464
2446.88 0.253782
2447.08 0.25524
2447.28 0.256351
2447.48 0.257063
2447.67 0.257343
2447.87 0.257176
2448.07 0.256571
2448.27 0.255557
2448.47 0.254183
2448.67 0.25251
2448.87 0.250612
2449.07 0.248567
2449.27 4.43392
2449.47 0.24434
2449.67 0.242295
2449.87 0.240368
2450.06 0.2386
2450.26 0.237014
2450.46 0.235625
2450.66 0.234435
2450.86 0.233436
2451.06 0.232615
2451.26 0.231953
2451.46 0.23143
2451.66 0.231025
2451.86 4.55014
2452.06 0.230486
2452.25 0.230318
2452.45 0.230196
2452.65 0.230111
2609.59 0.0194686
2609.78 0.0281692
2609.98 0.0402196
2610.18 0.0566215
2610.38 0.0785579
2610.58 0.10738
2610.78 0.144574
2610.98 0.191705
2611.18 0.250331
2611.38 0.32189
2611.58 0.407564
2611.78 0.508121
2611.98 0.623758
2612.17 0.753941
2612.37 0.897279
2612.57 2.33741
2612.77 1.21314
2612.97 1.37816
2613.17 1.54155
2613.37 2.02543
2613.57 2.17226
2613.77 2.03482
2613.97 2.06663
2614.17 2.13925
2614.37 2.18038
2614.56 2.18814
2614.76 1.85029
2614.96 2.10371
2615.16 1.98474
2615.36 2.30684
2615.56 2.01489
2615.76 2.47043
2615.96 1.45422
2616.16 3.04516
2616.36 1.12583
2616.56 0.967887
2616.76 2.60413
2616.95 0.682991
2617.15 0.560609
2617.35 3.42261
2617.55 0.360648
2617.75 4.19591
2617.95 0.218184
2618.15 0.165856
2618.35 0.124177
2618.55 0.0915806
2618.75 0.0665413
2618.95 0.0476452
2619.14 0.0336329
2619.34 0.0234206
