24.0819 -178.318
24.281 -207.757
24.4801 -258.982
24.6792 -222.362
24.8783 -200.452
25.0775 -156.673
25.2766 -171.245
25.4757 -229.682
25.6748 -258.976
25.8739 -200.437
26.073 -237.02
26.2722 -193.153
26.4713 -185.921
26.6704 -207.651
26.8695 -107.23
27.0686 -221.429
27.2677 -185.817
27.4669 -136.985
27.666 -157.773
27.8651 -123.686
28.0642 -103.65
28.2633 -143.947
28.4624 -117.353
28.6616 -150.243
28.8607 -123.941
59.7237 -18049.7
59.9228 -16458.7
60.1219 -14106.8
60.321 -11512.1
60.5202 -9094.75
60.7193 -5940.35
60.9184 -3870.88
61.1175 -2719.87
61.3166 -1488.13
61.5157 -994.614
61.7149 -403.922
61.914 -244.518
62.1131 -122.892
62.3122 -75.6047
62.5113 6.22278
62.7104 -11.9839
62.9096 -5.25538
63.1087 3.38274
63.3078 1.31202
63.5069 1.27958
63.706 1.26773
63.9051 2.90771
64.1042 4.52711
64.3034 -3.61778
64.5025 2.87185
64.7016 -1.9647
64.9007 1.25132
237.136 -12.9175
237.335 -9.47567
237.535 -9.47833
237.734 -9.48084
237.933 -6.00998
238.132 -9.4854
238.331 -9.48744
238.53 -26.9606
238.729 -2.48888
238.928 4.53845
239.127 1.04848
239.327 -30.6155
239.526 1.07964
239.725 -5.96744
239.924 -16.5608
240.123 -5.96484
240.322 1.09455
240.521 4.60762
240.72 -5.97608
240.919 -20.0219
241.119 -9.49063
241.318 -5.99857
241.517 -9.48586
241.716 0.949608
241.915 -9.48523
242.114 -12.9749
242.313 -19.9939
242.512 -13.0144
242.712 -5.95721
242.911 -5.93595
243.11 -2.32532
243.309 -2.28073
243.508 -9.49796
243.707 -13.1412
243.906 -9.49216
244.105 -13.1614
244.304 -24.2157
244.504 -9.48343
244.703 -5.78183
244.902 -9.47812
245.101 -5.76265
245.3 -5.75346
245.499 -2.01861
245.698 -31.8593
245.897 -13.2025
246.097 -13.2057
246.296 -1.95675
246.495 -20.7251
246.694 -9.45135
246.893 -13.2169
272.38 -8.96922
272.579 -3.05925
272.778 -11.8704
272.977 -8.91675
273.176 -0.155339
273.375 -3.07279
273.575 -5.96848
273.774 -8.84242
273.973 -5.95193
274.172 -0.221186
274.371 -5.93552
274.57 -0.242554
274.769 -3.08629
274.968 2.57721
275.167 8.24204
275.367 2.59014
275.566 5.46905
275.765 -14.5688
275.964 -5.97478
276.163 2.81293
276.362 2.91018
276.561 -9.06605
276.76 -9.11943
276.96 -6.07262
277.159 0.124792
277.358 -6.07731
277.557 -9.15561
277.756 -3.00983
277.955 -6.03753
278.154 -6.0036
278.353 -8.83628
278.552 -0.275734
278.752 5.16096
278.951 -8.4716
279.15 2.2155
279.349 -0.458426
279.548 -3.05122
279.747 -3.04034
279.946 -8.07585
280.145 -5.52542
280.345 -0.525269
280.544 -3.00461
280.743 -7.91247
280.942 -5.43206
281.141 -2.97949
281.34 1.86193
281.539 1.84337
281.738 1.82505
281.937 -5.31616
282.137 1.78902
282.336 1.77132
290.3 -8.79699
290.499 -14.4827
290.699 -3.08545
290.898 2.58322
291.097 -5.91476
291.296 -3.08808
291.495 -5.90157
291.694 -0.283392
291.893 -3.08963
292.092 2.49802
292.291 -0.299637
292.491 -0.300029
292.69 -3.08986
292.889 -5.89618
293.088 -0.257171
293.287 -3.08145
293.486 -3.06859
293.685 -3.0428
293.884 -2.9975
294.084 0.235256
294.283 -6.09232
294.482 0.629732
294.681 0.821546
294.88 -19.9483
295.079 -9.4948
295.278 -2.45556
295.477 -16.4697
295.676 -9.46786
295.876 -6.07227
296.075 -22.3435
296.274 6.47189
296.473 -3.02251
296.672 2.7754
296.871 -8.74237
297.07 -11.3369
297.269 -13.8305
297.469 -10.992
297.668 -0.458134
297.867 2.10472
298.066 -5.60768
298.265 -3.04098
298.464 4.56723
298.663 -3.03104
298.862 2.00242
299.061 -0.516672
299.261 -3.01746
299.46 1.96221
299.659 4.42788
299.858 -3.0031
300.057 -5.45884
347.048 -7.78053
347.248 1.85608
347.447 1.86169
347.646 -2.97325
347.845 -5.40084
348.044 4.30958
348.243 -0.547448
348.442 -0.544605
348.641 -5.44685
348.841 -3.00311
349.04 -0.521131
349.239 2.03961
349.438 -3.06288
349.637 -8.48968
349.836 -3.08595
350.035 -3.02806
350.234 -6.09406
350.433 -2.52178
350.633 -9.46118
350.832 -9.2146
351.031 -21.5029
351.23 -8.16508
351.429 -30.6768
351.628 -26.0032
351.827 -30.7535
352.026 -30.7534
352.225 -40.2506
352.425 -35.3289
352.624 -21.5339
352.823 -30.0674
353.022 -13.2039
353.221 1.92112
353.42 -2.43263
353.619 -22.5576
353.818 -15.3303
354.018 -0.152159
354.217 -0.300314
354.416 -5.78645
354.615 -0.4302
354.814 -8.28447
355.013 4.71619
355.212 -5.63863
355.411 -0.474183
355.61 4.68798
355.81 -0.472435
356.009 2.11573
356.208 -3.05789
356.407 -8.24575
356.606 -0.463397
356.805 -5.66241
578.222 2.19822
578.422 3.02723
578.621 2.19825
578.82 3.02745
579.019 3.02778
579.218 2.19865
579.417 1.36838
579.616 1.36751
579.815 1.36589
580.014 2.20489
580.214 2.21024
580.413 3.08773
580.612 2.23345
580.811 2.25563
581.01 -0.67118
581.209 3.39576
581.408 3.5538
581.607 1.23546
581.807 3.98672
582.006 2.74294
582.205 2.89478
582.404 4.80392
582.603 3.1975
582.802 -0.53972
583.001 -6.4796
583.2 -0.560218
583.399 -4.49459
583.599 3.30249
583.798 -4.18191
583.997 -0.44468
584.196 2.87384
584.395 2.72375
584.594 -1.4985
584.793 2.48054
584.992 2.39426
585.192 0.232746
585.391 0.325958
585.59 0.397893
585.789 2.23139
585.988 1.35165
586.187 3.06006
586.386 2.20445
586.585 0.530684
586.784 0.535316
586.984 2.19907
587.183 -2.77998
587.382 0.539724
587.581 2.1983
587.78 0.540165
587.979 2.19823
604.307 1.86963
604.506 2.00392
604.705 2.11619
604.904 2.00266
605.103 2.09478
605.302 1.9171
605.501 1.92115
605.7 2.08488
605.9 2.00244
606.099 1.87149
606.298 1.81061
606.497 2.02558
606.696 2.06303
606.895 2.14638
607.094 0.266281
607.293 2.60985
607.493 -0.468465
607.692 1.59511
607.891 2.1186
608.09 5.83835
608.289 -9.38626
608.488 -5.91316
608.687 -5.59423
608.886 -9.23396
609.085 -9.06548
609.285 -4.84373
609.484 -33.7457
609.683 -25.3009
609.882 -17.1202
610.081 -20.4781
610.28 -12.8326
610.479 -6.06313
610.678 -0.398856
610.878 -5.13398
611.077 1.33978
611.276 2.6372
611.475 1.29857
611.674 0.85696
611.873 2.02608
612.072 2.00125
612.271 2.11164
612.47 1.78002
612.67 1.7075
612.869 1.66107
613.068 2.03908
613.267 1.60838
613.466 2.04847
613.665 1.57696
613.864 1.56382
614.063 2.56751
614.262 2.58695
656.674 1.77245
656.873 2.01227
657.072 2.01061
657.272 2.20215
657.471 2.00748
657.67 2.00591
657.869 2.26747
658.068 1.9026
658.267 1.94573
658.466 1.98935
658.665 2.1104
658.865 1.52223
659.064 2.49089
659.263 2.13369
659.462 3.28962
659.661 1.22822
659.86 4.73626
660.059 1.52455
660.258 -3.01251
660.457 -8.76092
660.657 0.211498
660.856 -23.1235
661.055 5.01651
661.254 -1.87035
661.453 -21.002
661.652 -5.41394
661.851 2.30336
662.05 -17.0256
662.25 -20.4454
662.449 -6.02709
662.648 6.67134
662.847 -17.5324
663.046 -10.7139
663.245 -7.18739
663.444 3.16952
663.643 -0.248467
663.842 0.097156
664.042 2.22288
664.241 0.821198
664.44 2.06124
664.639 2.03295
664.838 2.01919
665.037 1.79113
665.236 2.01002
665.435 2.20007
665.634 2.01015
665.834 2.22792
666.033 2.01507
666.232 1.74915
666.431 2.02389
666.63 2.02933
666.829 2.39851
667.028 0.474857
667.227 2.04663
667.427 2.05198
667.626 1.59798
667.825 1.58525
668.024 2.06567
668.223 2.06958
668.422 2.59134
668.621 2.60681
668.82 2.08034
669.019 2.63614
669.219 1.52416
669.418 2.66447
669.617 2.6785
669.816 1.50322
670.015 2.10147
670.214 0.874622
1168.2 2.49633
1168.4 2.4959
1168.6 0.901593
1168.8 4.08416
1169 0.905202
1169.2 4.06216
1169.4 0.916353
1169.6 0.92802
1169.8 0.946754
1170 0.975881
1170.2 3.71422
1170.39 1.08353
1170.59 1.17336
1170.79 3.03241
1170.99 1.45599
1171.19 1.65916
1171.39 1.90692
1171.59 2.00914
1171.79 2.5236
1171.99 0.698877
1172.19 1.31246
1172.39 1.25188
1172.58 1.22927
1172.78 2.67713
1172.98 2.76422
1173.18 2.80327
1173.38 -6.49857
1173.58 -0.256909
1173.78 4.00147
1173.98 2.47933
1174.18 3.39269
1174.38 0.528044
1174.58 2.09574
1174.77 1.70816
1174.97 1.96317
1175.17 1.7697
1175.37 2.06096
1175.57 2.89073
1175.77 1.22683
1175.97 2.27757
1176.17 1.04737
1176.37 0.994802
1176.57 0.959283
1176.77 2.45451
1176.97 0.921343
1177.16 2.48215
1177.36 0.906954
1177.56 0.903863
1177.76 0.902137
1177.96 0.901202
1327.5 0.0014127
1327.7 0.00241238
1327.9 0.00426306
1328.09 0.00759065
1328.29 0.0134009
1328.49 0.0232511
1328.69 0.0394613
1328.89 0.0653508
1329.09 0.105468
1329.29 0.165759
1329.49 0.253606
1329.69 7.04547
1329.89 0.547253
1330.09 0.771717
1330.28 3.60244
1330.48 1.41393
1330.68 2.00702
1330.88 2.32239
1331.08 1.43056
1331.28 1.2741
1331.48 2.60516
1331.68 2.88589
1331.88 1.33047
1332.08 1.41216
1332.28 -6.73019
1332.47 3.58445
1332.67 -2.63862
1332.87 -0.558575
1333.07 1.34459
1333.27 -0.397112
1333.47 1.22815
1333.67 3.51741
1333.87 0.614996
1334.07 2.41247
1334.27 1.91796
1334.47 1.48388
1334.67 4.611
1334.86 0.818616
1335.06 3.04662
1335.26 0.405129
1335.46 0.273664
1335.66 0.179947
1335.86 0.115202
1336.06 0.0718309
1336.26 0.0436484
1336.46 0.0258779
1336.66 0.0150013
1336.86 0.00853781
1337.05 0.00480765
1337.25 0.00271664
1455.73 3.03341
1455.93 0.592791
1456.13 0.599284
1456.33 5.3554
1456.52 0.6306
1456.72 2.86969
1456.92 0.717783
1457.12 0.803212
1457.32 0.934507
1457.52 1.13049
1457.72 2.10723
1457.92 1.81404
1458.12 2.02883
1458.32 -0.374047
1458.52 1.22741
1458.71 -0.524664
1458.91 -5.2961
1459.11 -0.292001
1459.31 -6.09342
1459.51 -5.95854
1459.71 -5.55507
1459.91 -13.1677
1460.11 -30.1305
1460.31 -30.4517
1460.51 -26.0466
1460.71 -30.6654
1460.9 -30.6689
1461.1 1.37531
1461.3 -30.4825
1461.5 -38.8428
1461.7 -9.01219
1461.9 -1.59634
1462.1 4.84861
1462.3 0.398376
1462.5 -14.5208
1462.7 -2.98015
1462.9 1.41226
1463.1 -3.17075
1463.29 0.37123
1463.49 2.46045
1463.69 2.00311
1463.89 1.47063
1464.09 2.242
1464.29 0.962086
1464.49 0.821732
1464.69 0.729871
1464.89 0.671449
1465.09 0.635334
1465.29 0.613629
1465.48 3.00574
1465.68 0.593734
2609.41 0.00879921
2609.61 0.0139393
2609.81 0.0217242
2610 0.0332786
2610.2 0.0500811
2610.4 0.0740179
2610.6 0.107417
2610.8 0.15305
2611 0.214088
2611.2 0.293988
2611.4 3.63372
2611.6 0.524447
2611.8 2.83514
2612 0.868775
2612.2 3.52447
2612.39 1.33639
2612.59 2.04333
2612.79 1.90888
2612.99 2.01117
2613.19 1.5886
2613.39 0.74041
2613.59 2.2301
2613.79 0.242364
2613.99 -1.06153
2614.19 1.23844
2614.39 3.78866
2614.58 3.79776
2614.78 1.23645
2614.98 1.24775
2615.18 1.27346
2615.38 1.3233
2615.58 1.40908
2615.78 2.07825
2615.98 1.74013
2616.18 2.00003
2616.38 1.68859
2616.58 1.40697
2616.77 1.15086
2616.97 0.924155
2617.17 0.728536
2617.37 0.563826
2617.57 0.428382
2617.77 0.319532
2617.97 0.233993
2618.17 0.168232
2618.37 0.118754
2618.57 0.0823099
2618.77 0.0560223
2618.97 0.0374496
2619.16 0.024594
