41.7139 -1603.25
41.9129 -1613.8
42.112 -1550.64
42.311 -1645.4
42.51 -1645.4
42.7091 -1435.06
42.9081 -1887.19
43.1071 -1414.17
43.3062 -1655.89
43.5052 -1498.3
43.7042 -1382.68
43.9033 -1571.77
44.1023 -1655.93
44.3013 -1539.42
44.5004 -2017.52
44.6994 -2267.13
44.8984 -2402.22
45.0975 -3018.13
45.2965 -3392.08
45.4955 -3924.98
45.6946 -4028.49
45.8936 -4731.3
46.0926 -5065.37
46.2917 -5575.48
46.4907 -5064.08
46.6897 -5226.81
46.8888 -4607.49
47.0878 -3901.25
47.2868 -3836.82
47.4859 -3400.32
47.6849 -2787.18
47.8839 -2236.03
48.083 -2084.74
48.282 -1933.2
48.481 -1868.16
48.6801 -1687.52
48.8791 -1299.89
49.0781 -1373.89
49.2772 -1561.45
49.4762 -1571.78
49.6752 -1416.07
49.8743 -1333.16
50.0733 -1519.81
50.2723 -1374.72
50.4714 -1405.81
50.6704 -1426.52
50.8695 -1654.72
51.0685 -1540.65
51.2675 -1530.23
51.4666 -1813.24
51.6656 -1803.94
51.8646 -1804.4
52.0637 -2117.15
52.2627 -2293.34
52.4617 -2482.73
52.6608 -2550.46
52.8598 -3014.9
53.0588 -2776.64
53.2579 -2753.72
53.4569 -2674.19
53.6559 -2538.82
53.855 -2516.73
54.054 -2172.32
54.2531 -1747.34
54.4521 -1879.37
54.6511 -1814.74
54.8502 -1519.49
55.0492 -1582.25
55.2482 -1530.02
55.4473 -1395.86
55.6463 -1395.9
55.8453 -1324.16
56.0444 -1447.07
56.2434 -1314.03
56.4424 -1354.96
56.6415 -1232.34
56.8405 -1273.26
57.0396 -1457.05
57.2386 -1283.53
57.4376 -1456.95
57.6367 -1232.61
57.8357 -1568.93
58.0347 -1395.67
181.245 -3039.67
181.444 -2993.28
181.643 -3016.54
181.842 -3132.59
182.041 -3468.98
182.241 -3283.36
182.44 -3364.49
182.639 -3039.89
182.838 -2761.77
183.037 -3283.28
183.236 -3236.94
183.435 -3039.85
183.634 -3411.18
183.833 -3027.69
184.032 -3131.85
184.231 -3799.81
184.43 -3766.24
184.629 -4029.08
184.828 -4925.08
185.027 -4905.13
185.226 -5476.47
185.425 -5891.16
185.625 -6437.6
185.824 -6576.15
186.023 -7249.51
186.222 -7705.73
186.421 -7848.28
186.62 -6654.4
186.819 -6975.76
187.018 -5499.4
187.217 -5588.3
187.416 -4561.24
187.615 -4342.57
187.814 -4040.46
188.013 -3659.4
188.212 -3365.41
188.411 -2853.9
188.61 -3132.61
188.809 -2763.42
189.009 -3304.97
189.208 -2936.61
189.407 -2844.68
189.606 -3143.46
189.805 -2982.6
190.004 -2649.62
190.203 -3005.55
190.402 -2913.72
190.601 -3234.97
190.8 -2810.51
190.999 -2913.74
191.198 -2856.42
237.182 -1463.31
237.381 -1484.78
237.58 -1708.54
237.779 -1772.43
237.978 -1963.93
238.177 -1846.86
238.376 -1899.98
238.576 -1581.12
238.775 -1963.73
238.974 -1697.98
239.173 -1815.05
239.372 -1836.48
239.571 -2019.26
239.77 -2008.89
239.969 -2426.33
240.168 -2550.42
240.367 -3247.9
240.566 -3659.64
240.765 -4585.97
240.964 -5613.94
241.163 -6054.36
241.363 -7288.52
241.562 -8112.86
241.761 -8921.79
241.96 -9148.88
242.159 -9055.27
242.358 -8509.6
242.557 -6763.38
242.756 -7388.96
242.955 -5865.92
243.154 -5137.85
243.353 -3766.2
243.552 -3213.8
243.751 -2730.96
243.95 -2536.55
244.149 -2095.53
244.349 -1825.78
244.548 -1772.23
244.747 -1382.42
244.946 -1750.11
245.145 -1498.77
245.344 -1655.52
245.543 -1384.17
245.742 -1415.57
245.941 -1530.25
246.14 -1488.61
246.339 -1644.73
246.538 -1519.86
246.737 -1343.15
246.936 -1509.46
253.904 -1457.02
254.103 -1273.34
254.302 -1354.96
254.501 -1273.38
254.7 -1660.72
254.899 -1528.15
255.098 -1334.56
255.297 -1263.29
255.496 -1242.95
255.696 -1232.8
255.895 -1324.38
256.094 -1304.03
256.293 -1110.7
256.492 -1273.48
256.691 -1273.41
256.89 -1293.7
257.089 -1221.85
257.288 -1385.62
257.487 -1375.08
257.686 -1488.7
257.885 -1571.98
258.084 -1771.46
258.283 -1550.27
258.483 -1666.29
258.682 -1698
258.881 -1697.96
259.08 -1740.54
259.279 -1602.87
259.478 -1719.13
259.677 -1676.66
259.876 -1613.45
260.075 -1798.57
260.274 -1488.3
260.473 -1314.11
260.672 -1304.04
260.871 -1395.25
261.07 -1303.99
261.27 -1394.75
261.469 -1283.7
261.668 -1132.6
261.867 -1424.55
262.066 -1374.15
262.265 -1343.92
262.464 -1162.95
262.663 -1162.98
262.862 -1022.39
263.061 -1273.45
263.26 -1283.47
263.459 -1283.44
263.658 -1052.77
263.858 -942.557
269.83 -1093.78
270.029 -965.532
270.228 -1103.65
270.427 -1044.47
270.626 -1261.44
270.825 -1152.95
271.024 -985.324
271.223 -1182.51
271.422 -1162.78
271.621 -1212.06
271.82 -1064.21
272.02 -955.763
272.219 -1083.92
272.418 -1251.66
272.617 -718.445
272.816 -1034.4
273.015 -1182.95
273.214 -1113.46
273.413 -1382.93
273.612 -1373.78
273.811 -1283.72
274.01 -1334.46
274.209 -1202.16
274.408 -1365.18
274.607 -1313.93
274.807 -1631.7
275.006 -1365.17
275.205 -1385.6
275.404 -1181.99
275.603 -1334.37
275.802 -1213.19
276.001 -963.144
276.2 -924.503
276.399 -1113.55
276.598 -1103.63
276.797 -1152.64
276.996 -1113.21
277.195 -1279.37
277.395 -1083.69
277.594 -956.681
277.793 -956.677
277.992 -1171.64
278.191 -985.943
278.39 -741.315
278.589 -1005.46
278.788 -985.851
278.987 -897.635
279.186 -1064.22
279.385 -838.741
279.584 -1132.86
279.783 -1191.69
279.982 -985.793
280.182 -975.994
280.381 -1172.05
280.58 -1250.45
280.779 -1034.82
280.978 -1025.02
281.177 -1142.6
281.376 -1074.01
281.575 -1191.55
281.774 -1064.21
281.973 -1025.03
282.172 -907.534
290.334 -747.508
290.534 -975.15
290.733 -1088.95
290.932 -1117.39
291.131 -851.85
291.33 -984.633
291.529 -605.143
291.728 -747.351
291.927 -699.466
292.126 -937.686
292.325 -879.904
292.524 -956.516
292.723 -1233.24
292.922 -1385.29
293.122 -1717.94
293.321 -2606.72
293.52 -3423.65
293.719 -4535.28
293.918 -7374.94
294.117 -9147.9
294.316 -10551.3
294.515 -13136.1
294.714 -15484.1
294.913 -16267.9
295.112 -18122.6
295.311 -17365
295.51 -17918.5
295.71 -16873
295.909 -13895.1
296.108 -11553.2
296.307 -9242.26
296.506 -7467.71
296.705 -5202
296.904 -3647.8
297.103 -2934.71
297.302 -1933.17
297.501 -1665.1
297.7 -1263.4
297.899 -927.086
298.098 -1198.05
298.298 -985.356
298.497 -690.384
298.696 -662.432
298.895 -861.305
299.094 -738.421
299.293 -936.872
299.492 -955.746
299.691 -757.38
299.89 -804.61
300.089 -832.943
347.073 -523.611
347.272 -663.594
347.471 -375.037
347.67 -514.904
347.869 -593.481
348.068 -602.213
348.267 -532.373
348.466 -435.865
348.665 -514.481
348.864 -656.882
349.063 -656.56
349.263 -851.572
349.462 -1545.26
349.661 -1761.76
349.86 -2731.17
350.059 -4233.28
350.258 -5751.8
350.457 -8894.86
350.656 -11136.2
350.855 -15353.7
351.054 -19316.7
351.253 -23983.1
351.453 -28158
351.652 -31285.9
351.851 -32029.7
352.05 -33447
352.249 -31579.7
352.448 -29014.8
352.647 -24375.3
352.846 -19907.6
353.045 -15640.9
353.244 -11842
353.443 -8587.44
353.642 -5225.6
353.842 -3801.93
354.041 -2672.81
354.24 -1456.64
354.439 -965.552
354.638 -879.509
354.837 -692.745
355.036 -663.098
355.235 -497.519
355.434 -412.423
355.633 -395.742
355.832 -387.462
356.032 -404.285
356.231 -446.112
356.43 -404.32
356.629 -337.61
356.828 -396.005
381.913 -451.722
382.112 -395.26
382.311 -427.47
382.51 -242.186
382.709 -379.097
382.909 -330.791
383.108 -354.931
383.307 -153.842
383.506 -306.673
383.705 -354.917
383.904 -338.838
384.103 -314.713
384.302 -314.698
384.501 -282.436
384.7 -363.054
384.899 -322.608
385.099 -468.877
385.298 -363.142
385.497 -346.606
385.696 -371.169
385.895 -429.37
386.094 -505.114
386.293 -463.232
386.492 -429.265
386.691 -420.591
386.89 -506.096
387.089 -368.86
387.289 -437.441
387.488 -618.083
387.687 -454.508
387.886 -523.556
388.085 -540.955
388.284 -575.829
388.483 -471.335
388.682 -549.825
388.881 -584.684
389.08 -645.328
389.279 -385.249
389.479 -514.716
389.678 -420.805
389.877 -395.805
390.076 -296.257
390.275 -297.268
390.474 -363.149
390.673 -379.232
390.872 -218.403
391.071 -354.765
391.27 -322.806
391.469 -330.733
391.669 -362.412
391.868 -306.926
392.067 -378.13
392.266 -314.835
392.465 -291.125
392.664 -393.812
392.863 -362.194
393.062 -393.736
393.261 -275.373
393.46 -259.614
393.66 -228.104
393.859 -267.528
449.805 -199.355
450.004 -123.196
450.203 -123.209
450.402 -109.388
450.601 -95.5774
450.8 -157.804
450.999 -95.6199
451.198 -199.246
451.398 -157.802
451.597 -157.802
451.796 -171.619
451.995 -109.405
452.194 -247.842
452.393 -220.316
452.592 -171.744
452.791 -94.5481
452.99 -193.032
453.189 -250.447
453.389 -207.702
453.588 -237.16
453.787 -267.244
453.986 -290.35
454.185 -206.718
454.384 -360.474
454.583 -221.336
454.782 -228.998
454.981 -229.101
455.181 -244.781
455.38 -260.232
455.579 -260.102
455.778 -252.287
455.977 -229.761
456.176 -178.754
456.375 -150.359
456.574 -185.879
456.773 -108.969
456.972 -164.728
457.172 -150.905
457.371 -164.62
457.57 -150.901
457.769 -178.199
457.968 -184.979
458.167 -103.196
458.366 -82.7939
458.565 -178.102
458.764 -212.119
458.963 -184.904
459.163 -103.219
459.362 -123.62
459.561 -137.235
459.76 -137.197
459.959 -144.015
460.158 -136.996
460.357 -150.77
460.556 -150.56
460.755 -214.664
460.954 -265.747
461.154 -244.484
461.353 -185.37
461.552 -319.91
461.751 -184.665
461.95 -169.378
462.149 -207.222
462.348 -162.222
462.547 -237.43
462.746 -244.668
462.945 -288.038
463.145 -214.808
463.344 -185.978
463.543 -164.766
463.742 -213.282
463.941 -164.646
464.14 -89.5229
464.339 -150.849
464.538 -137.3
464.737 -83.4217
464.937 -164.192
465.136 -164.155
465.335 -137.298
465.534 -143.999
465.733 -97.1002
465.932 -97.119
466.131 -90.4441
466.33 -137.288
466.529 -137.286
466.728 -170.7
466.928 -130.602
475.489 -197.401
475.688 -150.624
475.887 -150.605
476.086 -137.264
476.285 -123.948
476.485 -117.305
476.684 -110.673
476.883 -137.235
477.082 -123.964
477.281 -117.336
477.48 -183.632
477.679 -57.6202
477.878 -130.601
478.077 -110.601
478.276 -90.3825
478.476 -117.044
478.675 -89.5085
478.874 -178.517
479.073 -129.746
479.272 -207.325
479.471 -207.652
479.67 -75.9154
479.869 -200.275
480.068 -357.069
480.268 -252.49
480.467 -207.382
480.666 -207.477
480.865 -334.084
481.064 -163.62
481.263 -236.705
481.462 -157.472
481.661 -164.767
481.86 -130.238
482.059 -144.067
482.259 -117.237
482.458 -110.767
482.657 -110.874
482.856 -143.406
483.055 -85.0849
483.254 -175.344
483.453 -149.482
483.652 -85.2933
483.851 -181.38
484.051 -66.1322
484.25 -104.534
484.449 -91.7078
484.648 -91.6565
484.847 -149.706
485.046 -143.46
485.245 -137.131
485.444 -170.613
485.643 -103.406
485.842 -116.403
486.042 -143.674
486.241 -157.393
486.44 -171.381
486.639 -207.746
486.838 -267.074
487.037 -244.879
487.236 -170.319
487.435 -200.265
487.634 -185.73
487.834 -243.878
488.033 -242.896
488.232 -206.609
488.431 -109.921
488.63 -177.423
488.829 -110.846
489.028 -104.491
489.227 -117.272
489.426 -79.3487
489.625 -98.2281
489.825 -79.5922
490.024 -147.615
490.223 -73.5249
490.422 -73.5642
490.621 -116.524
490.82 -73.6189
491.019 -73.6404
491.218 -30.9295
491.417 -91.9654
491.617 -55.4345
491.816 -85.8694
492.015 -128.357
575.244 -27.1143
575.443 -50.5026
575.642 -91.4066
575.841 -97.2429
576.04 -85.5572
576.239 -108.91
576.438 -50.5234
576.637 -114.748
576.836 -38.833
577.036 -91.4169
577.235 -68.0282
577.434 -97.3719
577.633 -67.9914
577.832 -50.136
578.031 -103.79
578.23 -43.4285
578.429 -55.0815
578.629 -123.273
578.828 -98.1645
579.027 -110.917
579.226 -110.724
579.425 -144.034
579.624 -82.6899
579.823 -226.624
580.022 -116.303
580.221 -185.477
580.421 -130.248
580.62 -212.285
580.819 -103.658
581.018 -130.585
581.217 -123.891
581.416 -110.879
581.615 -98.1927
581.814 -79.8163
582.014 -62.0742
582.213 -79.6217
582.412 -22.5771
582.611 -73.492
582.81 -78.8328
583.009 -51.2237
583.208 -67.6215
583.407 -45.7735
583.606 -51.2284
583.806 -62.2173
584.005 -45.649
584.204 -51.1441
584.403 -56.7041
584.602 -73.624
584.801 -73.6849
585 -22.406
585.199 -33.7102
585.399 -50.8396
585.598 -73.7914
585.797 -68.0491
585.996 -91.062
586.195 -68.0503
586.394 -68.0503
586.593 -68.0502
586.792 -45.0378
586.991 -68.0496
587.191 -102.551
587.39 -91.0437
587.589 -56.5541
587.788 -73.7933
587.987 -56.5595
588.186 -62.3045
604.514 -79.5897
604.713 -116.785
604.912 -73.4386
605.111 -122.98
605.31 -85.7703
605.51 -73.0249
605.709 -104.489
605.908 -224.679
606.107 -164.598
606.306 -298.712
606.505 -353.957
606.704 -638.636
606.903 -1411.31
607.103 -1429.94
607.302 -3085.21
607.501 -4282.13
607.7 -6131.87
607.899 -8402.82
608.098 -12380.6
608.297 -14956.9
608.496 -18210
608.696 -21503.8
608.895 -24104.4
609.094 -26325.7
609.293 -26767.8
609.492 -26872.3
609.691 -24466
609.89 -21578.1
610.089 -19188.3
610.289 -15784.4
610.488 -11827.4
610.687 -8677.99
610.886 -6049.22
611.085 -4413.52
611.284 -2551.98
611.483 -1965.37
611.682 -1314.04
611.881 -590.945
612.081 -387.062
612.28 -114.353
612.479 -136.872
612.678 -98.1404
612.877 -73.8573
613.076 -68.0118
613.275 -56.7168
613.474 -78.2362
613.674 -72.5473
613.873 -56.4693
614.072 -77.4133
614.271 -19.7634
656.684 -61.5649
656.884 -35.4351
657.083 -66.7689
657.282 -87.6335
657.481 -9.36504
657.68 -4.16664
657.879 -35.4545
658.078 -56.2982
658.277 -25.0398
658.477 -35.4579
658.676 -14.6049
658.875 -40.6631
659.074 -51.1131
659.273 -30.1564
659.472 -88.0409
659.671 -67.0981
659.87 -19.1547
660.07 -99.8162
660.269 -83.9836
660.468 -40.1486
660.667 -34.3486
660.866 -51.0183
661.065 -79.4535
661.264 -91.0675
661.463 -62.2709
661.663 -44.875
661.862 -33.3061
662.061 -79.6072
662.26 -85.3303
662.459 -68.0494
662.658 -73.8185
662.857 -85.5129
663.056 -67.9431
663.256 -55.3031
663.455 -91.8413
663.654 -137.242
663.853 -185.641
664.052 -178.596
664.251 -237.396
664.45 -251.714
664.65 -330.605
664.849 -387.665
665.048 -573.502
665.247 -531.815
665.446 -540.588
665.645 -437.566
665.844 -497.173
666.043 -420.996
666.243 -314.366
666.442 -346.311
666.641 -229.837
666.84 -127.865
667.039 -109.406
667.238 -123.971
667.437 -67.06
667.636 -121.335
667.836 -39.6207
668.035 -45.7532
668.234 -56.5368
668.433 -40.661
668.632 -35.5339
668.831 -45.7972
669.03 -66.0991
669.229 -86.2836
669.429 -10.3262
669.628 -30.5665
669.827 -15.4339
670.026 -50.7499
670.225 -20.5045
670.424 -50.7336
698.302 -94.7584
698.502 -72.9837
698.701 -51.2405
698.9 -62.0978
699.099 -34.9654
699.298 -51.2413
699.497 -34.9747
699.696 -83.7864
699.895 -51.2407
700.095 -34.9066
700.294 -45.7638
700.493 -56.7167
700.692 -17.7833
700.891 -39.7583
701.09 -45.0621
701.289 -73.8878
701.488 -55.722
701.688 -110.574
701.887 -85.4693
702.086 -78.277
702.285 -90.5565
702.484 -191.684
702.683 -171.597
702.882 -136.917
703.082 -192.707
703.281 -206.575
703.48 -143.978
703.679 -123.606
703.878 -103.81
704.077 -123.961
704.276 -123.677
704.475 -116.806
704.675 -61.7494
704.874 -114.903
705.073 -50.8932
705.272 -118.208
705.471 -62.204
705.67 -62.0774
705.869 -40.5033
706.069 -61.8645
706.268 -8.78795
706.467 -30.0445
706.666 -51.1643
706.865 -61.6788
707.064 -51.147
707.263 -19.6433
707.462 -66.8673
707.662 -30.1696
707.861 -56.3571
708.06 -30.1944
715.03 -30.6738
715.229 -15.7683
715.428 -20.7248
715.627 -25.688
715.826 -40.6166
716.025 -40.6213
716.224 -35.6365
716.423 -10.6373
716.623 -40.6447
716.822 -50.7211
717.021 -65.9733
717.22 -76.396
717.419 -71.6439
717.618 -40.6497
717.817 7.52072
718.017 -34.8392
718.216 -90.3593
718.415 -79.587
718.614 -91.6751
718.813 -122.428
719.012 -110.712
719.211 -98.1751
719.41 -117.408
719.61 -123.956
719.809 -110.831
720.008 -123.97
720.207 -117.421
720.406 -78.7211
720.605 -66.5248
720.804 -104.412
721.004 -116.139
721.203 -56.1949
721.402 -68.0467
721.601 -39.9237
721.8 -51.2315
721.999 -45.8695
722.198 -30.0636
722.397 -25.0212
722.597 -87.2256
722.796 -25.2586
722.995 -40.6886
723.194 -50.9216
723.393 -35.5752
723.592 -40.6876
723.791 -45.8
723.991 -50.9166
724.19 -50.922
724.389 -35.5686
724.588 -25.32
724.787 -30.4367
758.242 -71.1975
758.441 5.11433
758.64 -30.5012
758.839 -30.4964
759.038 -50.8787
759.238 -20.2882
759.437 -25.3807
759.636 -40.6865
759.835 -96.8498
760.034 -30.4733
760.233 -56.0076
760.432 -15.1591
760.632 -66.1971
760.831 -10.1075
761.03 -20.3342
761.229 -25.4559
761.428 -40.6718
761.627 -40.6608
761.826 -25.6081
762.025 -15.6954
762.225 -30.6793
762.424 -40.5657
762.623 -15.9855
762.822 -55.202
763.021 -40.5065
763.22 -25.837
763.419 -16.0097
763.619 -40.5572
763.818 -20.7737
764.017 -70.5653
764.216 -35.6264
764.415 -20.3643
764.614 -61.2404
764.813 -51.0955
765.013 -88.4714
765.212 -105.987
765.411 -102.152
765.61 -103.723
765.809 -123.536
766.008 -144.051
766.207 -135.516
766.407 -190.995
766.606 -346.807
766.805 -609.757
767.004 -657.056
767.203 -917.749
767.402 -1171.27
767.601 -1303.34
767.8 -1538.98
768 -1353.9
768.199 -1383.82
768.398 -1571.96
768.597 -1655.39
768.796 -1364.77
768.995 -1425.89
769.194 -964.695
769.394 -889.626
769.593 -655.837
769.792 -665.334
769.991 -370.113
770.19 -346.814
770.389 -229.933
770.588 -136.481
770.788 -97.4665
770.987 -129.437
771.186 -50.1666
771.385 -33.8675
771.584 -51.1953
771.783 -72.9155
771.982 -29.8137
772.182 -51.2048
772.381 -19.4071
772.58 -45.8933
772.779 -30.0397
772.978 -40.6093
773.177 -82.8908
781.143 -30.4175
781.342 -35.557
781.541 -30.4325
781.74 -35.5635
781.939 -25.3189
782.139 -40.6885
782.338 -45.8156
782.537 -4.73324
782.736 -45.842
782.935 -40.6773
783.134 -51.1318
783.333 -35.2391
783.532 -94.7441
783.732 -101.434
783.931 -62.2744
784.13 -103.831
784.329 -104.475
784.528 -143.425
784.727 -164.322
784.926 -87.8218
785.126 -135.526
785.325 -303.806
785.524 -260.061
785.723 -244.966
785.922 -244.869
786.121 -267.91
786.32 -229.695
786.52 -131.928
786.719 -229.902
786.918 -193.208
787.117 -199.775
787.316 -191.37
787.515 -104.42
787.714 -79.5176
787.914 -85.8089
788.113 -50.8139
788.312 -84.4178
788.511 -51.2334
788.71 -87.7857
788.909 -40.6884
789.108 -25.4673
789.308 -60.7427
789.507 -65.5838
789.706 -0.844424
789.905 -40.5938
790.104 -35.6362
790.303 -50.4532
790.502 -20.8337
790.702 -35.6326
790.901 -20.8618
791.1 -25.7931
791.299 -1.23225
801.256 -51.1631
801.455 -51.1495
801.654 -40.6446
801.853 -40.6531
802.053 -19.7674
802.252 -25.0205
802.451 -56.2985
802.65 -40.6662
802.849 -61.5609
803.048 -45.8918
803.247 -77.7448
803.447 -51.2399
803.646 -51.1995
803.845 -50.9444
804.044 -79.7925
804.243 -98.1588
804.442 -98.0759
804.641 -157.471
804.841 -206.82
805.04 -193.179
805.239 -244.982
805.438 -260.184
805.637 -354.229
805.836 -306.812
806.035 -371.072
806.235 -266.231
806.434 -403.01
806.633 -306.922
806.832 -353.399
807.031 -222.259
807.23 -178.378
807.429 -157.649
807.629 -83.1406
807.828 -104.489
808.027 -91.9937
808.226 -73.8723
808.425 -23.4102
808.624 -56.5142
808.823 -9.98895
809.023 -10.8151
809.222 -11.3393
809.421 -25.9821
809.62 -35.4457
809.819 -58.7236
810.018 -63.1434
810.217 -12.2187
810.417 -30.6399
810.616 -30.6171
810.815 -21.4945
811.014 -26.038
834.115 -16.0646
834.314 -74.7406
834.513 -45.4043
834.712 -35.621
834.911 -16.0319
835.11 -45.4279
835.31 -55.2604
835.509 -15.9551
835.708 -30.6991
835.907 -35.6375
836.106 -35.6351
836.305 -15.3868
836.504 -20.1369
836.704 -35.3969
836.903 -8.15586
837.102 -56.7226
837.301 -68.0474
837.5 -109.579
837.699 -85.8396
837.898 -123.663
838.098 -91.1432
838.297 -170.973
838.496 -164.649
838.695 -178.708
838.894 -185.85
839.093 -207.031
839.292 -178.806
839.492 -95.2221
839.691 -109.829
839.89 -130.593
840.089 -156.597
840.288 -104.544
840.487 -55.2223
840.686 -73.8844
840.886 -39.4433
841.085 -45.6492
841.284 -40.476
841.483 -40.6381
841.682 -87.0902
841.881 -86.4492
842.08 -60.8071
842.28 -50.6487
842.479 -50.5931
842.678 -20.7153
842.877 -35.6378
843.076 -45.5689
843.275 -5.84843
843.474 -20.7419
843.674 -30.6715
843.873 -20.7352
855.622 -20.1255
855.822 -50.9705
856.021 -56.1127
856.22 -56.1138
856.419 -56.1149
856.618 -30.403
856.817 -14.9736
857.016 -35.545
857.216 -20.1148
857.415 -71.5483
857.614 -14.9722
857.813 -35.5454
858.012 -25.2626
858.211 -45.8288
858.41 -50.9655
858.61 -50.9602
858.809 -35.5563
859.008 -25.3041
859.207 -71.4289
859.406 -50.9246
859.605 -50.9135
859.804 -76.4421
860.004 -25.3758
860.203 -10.0837
860.402 -4.9951
860.601 -20.2913
860.8 -76.3871
860.999 -30.4796
861.199 -40.6871
861.398 -30.461
861.597 -25.3303
861.796 -76.5667
861.995 -66.345
862.194 -35.552
862.393 -61.2531
862.593 -40.6879
862.792 -35.5394
862.991 -40.6873
863.19 -30.3818
863.389 -50.9949
863.588 -40.6866
863.787 -56.1545
863.987 -56.1564
864.186 -40.6862
864.385 -40.6862
864.584 -14.8951
864.783 -30.3688
864.982 -51.004
865.181 -40.6858
865.381 -25.2063
929.109 -56.5816
929.308 -51.2269
929.507 -61.9338
929.706 -56.5828
929.905 -40.51
930.104 -78.084
930.304 -18.9027
930.503 -83.7806
930.702 -67.6642
930.901 -45.5873
931.1 -45.2376
931.299 -68.0128
931.498 -73.6522
931.698 -72.5789
931.897 -177.607
932.096 -108.156
932.295 -170.476
932.494 -252.231
932.693 -346.88
932.893 -404.096
933.092 -541.066
933.291 -647.747
933.49 -666.123
933.689 -665.577
933.888 -860.451
934.087 -767.318
934.287 -609.327
934.486 -785.46
934.685 -765.79
934.884 -691.643
935.083 -549.372
935.282 -429.351
935.482 -346.847
935.681 -221.87
935.88 -207.755
936.079 -116.143
936.278 -91.0077
936.477 -85.6842
936.676 -85.8283
936.876 -68.0533
937.075 -62.3146
937.274 -56.7089
937.473 -62.0477
937.672 -51.2253
937.871 -51.205
938.071 -45.8924
938.27 -8.90426
938.469 -67.0006
938.668 -40.6215
938.867 -72.2368
959.181 -30.6688
959.38 -25.7006
959.579 -5.8279
959.778 -35.6378
959.978 -20.7315
960.177 -50.5478
960.376 -30.6651
960.575 -50.5698
960.774 -45.608
960.973 -50.6308
961.172 -30.6122
961.372 -15.429
961.571 -66.1253
961.77 -45.8312
961.969 -40.666
962.168 -51.19
962.367 -56.6364
962.567 -67.727
962.766 -112.895
962.965 -96.7095
963.164 -44.676
963.363 -56.0747
963.562 -91.8494
963.761 -43.411
963.961 -91.964
964.16 -85.8697
964.359 -85.8684
964.558 -55.7368
964.757 -121.463
964.956 -44.5985
965.156 -33.5418
965.355 -73.6007
965.554 -78.8082
965.753 -62.0623
965.952 -40.582
966.151 -25.0047
966.35 -30.3979
966.55 -81.3713
966.749 -15.4571
966.948 -35.6332
967.147 -30.6513
967.346 -30.6675
967.545 -20.7573
967.745 -35.637
967.944 -35.6365
968.143 -40.5829
968.342 -35.6359
968.541 -50.4673
968.74 -35.6356
968.94 -20.8087
1047.01 -43.1252
1047.21 -17.221
1047.41 -30.1606
1047.61 -51.7104
1047.81 -8.60461
1048.01 -43.0861
1048.2 -17.2221
1048.4 -12.8977
1048.6 -12.8763
1048.8 -4.13188
1049 -12.7774
1049.2 -17.1125
1049.4 -26.0247
1049.6 10.6519
1049.8 -16.6349
1050 -21.0943
1050.2 -30.6613
1050.4 -45.8246
1050.59 -24.6918
1050.79 -34.8532
1050.99 -79.1427
1051.19 -68.0457
1051.39 -73.8797
1051.59 -79.8056
1051.79 -79.8264
1051.99 -67.8721
1052.19 -97.6865
1052.39 -85.6833
1052.59 -73.8586
1052.79 -73.7105
1052.98 -73.3783
1053.18 -67.4234
1053.38 -24.9759
1053.58 -15.3837
1053.78 -35.6207
1053.98 -30.746
1054.18 -12.2219
1054.38 -17.0269
1054.58 -17.1406
1054.78 -47.5846
1054.98 -0.0787712
1055.18 -55.5304
1055.37 -25.7169
1055.57 -8.84521
1055.77 -17.2679
1055.97 -17.2691
1056.17 -8.9026
1056.37 -25.6278
1056.57 3.60307
1056.77 -38.1264
1065.13 -8.67639
1065.33 -34.3513
1065.53 -17.2446
1065.73 -8.70872
1065.93 -38.5766
1066.13 -38.5689
1066.33 -25.7776
1066.53 -17.2465
1066.73 -12.9643
1066.93 -4.3507
1067.12 -17.2174
1067.32 -17.1882
1067.52 -17.1369
1067.72 -17.05
1067.92 -39.7564
1068.12 -26.0404
1068.32 -25.9664
1068.52 -30.7171
1068.72 -35.6249
1068.92 -35.5313
1069.12 -35.3639
1069.32 -67.2997
1069.51 -24.1009
1069.71 -73.1241
1069.91 -95.1558
1070.11 -56.7069
1070.31 -51.2388
1070.51 -67.3677
1070.71 -45.8933
1070.91 -25.1467
1071.11 -20.4549
1071.31 -25.7892
1071.51 -16.3974
1071.71 -44.6616
1071.9 -16.9741
1072.1 -8.27501
1072.3 -21.5416
1072.5 -4.47688
1072.7 -13.0684
1072.9 -0.652029
1073.1 -41.9976
1073.3 -13.1663
1073.5 -0.941323
1073.7 -21.32
1073.9 -21.3057
1074.1 -33.4352
1074.29 -25.3232
1074.49 -21.2736
1074.69 -5.15538
1074.89 -17.2341
1115.32 -16.8963
1115.52 -12.3029
1115.72 -16.8562
1115.92 -30.6796
1116.12 -26.0341
1116.32 -40.3356
1116.52 -35.6372
1116.72 -51.0753
1116.92 -62.2637
1117.12 -67.8829
1117.31 -156.296
1117.51 -199.956
1117.71 -252.597
1117.91 -502.766
1118.11 -558.689
1118.31 -636.694
1118.51 -1054.41
1118.71 -1539.95
1118.91 -1675.95
1119.11 -2249.65
1119.31 -2628.93
1119.5 -3016.39
1119.7 -3541.49
1119.9 -3479.31
1120.1 -4197.46
1120.3 -4221.69
1120.5 -4341.72
1120.7 -4207.85
1120.9 -3624.1
1121.1 -3445.7
1121.3 -2765.24
1121.5 -2018.01
1121.7 -1953.79
1121.89 -1283.09
1122.09 -936.9
1122.29 -748.748
1122.49 -514.899
1122.69 -363.149
1122.89 -229.882
1123.09 -185.667
1123.29 -85.3525
1123.49 -138.476
1123.69 -34.9734
1123.89 -45.7391
1124.09 -45.1509
1124.28 -30.6679
1124.48 -8.0303
1124.68 -17.1226
1124.88 -4.02446
1125.08 -8.48189
1125.28 -38.8972
1128.67 -34.8094
1128.87 -12.7162
1129.06 -8.31153
1129.26 -8.32264
1129.46 -34.7668
1129.66 -30.3557
1129.86 -39.1541
1130.06 -17.1494
1130.26 -30.3541
1130.46 -8.32957
1130.66 -8.30252
1130.86 -12.6874
1131.06 -30.4453
1131.26 -21.5329
1131.45 -21.5135
1131.65 -53.467
1131.85 -35.3071
1132.05 -21.3362
1132.25 2.61738
1132.45 -30.748
1132.65 -40.541
1132.85 -45.5949
1133.05 -35.6251
1133.25 -25.4502
1133.45 -76.4018
1133.65 -45.7974
1133.84 -10.0908
1134.04 -30.5372
1134.24 -30.605
1134.44 -50.528
1134.64 -40.5116
1134.84 -30.7529
1135.04 -35.4729
1135.24 -39.9951
1135.44 -12.3311
1135.64 -12.5167
1135.84 -8.21665
1136.04 -25.9421
1136.23 -8.49248
1136.43 -12.8995
1136.63 -17.2336
1136.83 -55.7222
1137.03 -30.0335
1137.23 -17.254
1137.43 -29.9829
1137.63 -17.2593
1137.83 -8.8029
1138.03 -17.2625
1138.23 -21.4827
1138.43 -8.83648
1138.62 -13.0562
1150.38 -16.6464
1150.57 -23.8624
1150.77 -16.7209
1150.97 -2.22732
1151.17 1.50907
1151.37 -20.6058
1151.57 -16.9874
1151.77 -1.67515
1151.97 -5.28501
1152.17 -4.87456
1152.37 -21.5425
1152.57 -12.287
1152.77 -20.9694
1152.96 -45.8767
1153.16 -62.2768
1153.36 -79.7934
1153.56 -129.484
1153.76 -156.858
1153.96 -192.159
1154.16 -121.752
1154.36 -207.745
1154.56 -267.638
1154.76 -183.423
1154.96 -283.396
1155.16 -377.084
1155.35 -197.614
1155.55 -260.154
1155.75 -283.134
1155.95 -200.03
1156.15 -215.032
1156.35 -192.952
1156.55 -164.419
1156.75 -78.5037
1156.95 -98.1722
1157.15 -103.084
1157.35 -67.7588
1157.55 -35.4492
1157.74 -5.97968
1157.94 -44.8675
1158.14 -12.4582
1158.34 -17.1627
1158.54 -17.236
1158.74 -8.80937
1158.94 -25.6459
1159.14 -0.597021
1159.34 -25.5926
1159.54 -29.7533
1159.74 -33.9327
1159.94 -21.4435
1160.13 -8.90633
1168.3 3.69695
1168.5 -17.2696
1168.7 -17.2702
1168.9 -17.2707
1169.1 -21.4373
1169.3 -33.9152
1169.5 -0.642929
1169.69 -33.8913
1169.89 -21.4272
1170.09 -25.5941
1170.29 -0.579739
1170.49 -29.8435
1170.69 -4.60484
1170.89 -8.73407
1171.09 -34.4604
1171.29 -25.9197
1171.49 -25.988
1171.69 -16.9879
1171.89 -53.7026
1172.08 -44.8055
1172.28 -30.7524
1172.48 -35.5918
1172.68 -1.30729
1172.88 -20.8063
1173.08 -45.5663
1173.28 -50.5311
1173.48 -60.3517
1173.68 -45.4262
1173.88 3.13338
1174.08 -30.7508
1174.28 -21.3663
1174.47 -21.4737
1174.67 14.2624
1174.87 -30.2988
1175.07 -38.6421
1175.27 -34.0455
1175.47 3.32708
1175.67 -9.1392
1175.87 -13.2206
1176.07 -9.2726
1176.27 -21.0977
1176.47 -13.2425
1176.67 -5.47723
1176.86 -9.37524
1177.06 -5.53442
1177.26 -9.39714
1177.46 -17.0669
1177.66 -20.8758
1177.86 -9.42008
1178.06 -24.6362
1202.76 -5.2979
1202.96 -5.30367
1203.16 -5.30825
1203.35 -29.0808
1203.55 -9.27194
1203.75 -9.26834
1203.95 -21.1748
1204.15 -25.1803
1204.35 -5.20944
1204.55 -25.3177
1204.75 -29.5163
1204.95 -17.271
1205.15 -21.4972
1205.35 -17.1958
1205.55 -26.015
1205.74 -39.9546
1205.94 -16.349
1206.14 -25.6869
1206.34 -30.3896
1206.54 -56.5179
1206.74 -73.0918
1206.94 -45.5256
1207.14 -68.022
1207.34 -96.8996
1207.54 -33.1926
1207.74 -97.1263
1207.94 -85.416
1208.13 -56.5879
1208.33 -79.2234
1208.53 -51.2069
1208.73 -40.5007
1208.93 -40.6719
1209.13 -10.5037
1209.33 -59.8111
1209.53 11.287
1209.73 -8.02851
1209.93 -17.197
1210.13 -21.4824
1210.33 -25.4897
1210.52 -13.21
1210.72 2.6174
1210.92 -21.073
1211.12 -17.1245
1211.32 -20.9576
1211.52 -24.7644
1211.72 -5.5752
1211.92 -9.41213
1212.12 -24.6808
1212.32 -13.2315
1212.52 -1.81028
1233.23 -21.4886
1233.43 -4.5838
1233.63 -8.79623
1233.83 -38.5014
1234.03 -25.8091
1234.23 -21.5456
1234.42 -21.5417
1234.62 -16.8218
1234.82 -25.908
1235.02 -40.6886
1235.22 -73.2111
1235.42 -62.0541
1235.62 -85.4412
1235.82 -157.737
1236.02 -215.058
1236.22 -345.44
1236.42 -395.864
1236.62 -497.547
1236.81 -594.145
1237.01 -822.505
1237.21 -870.816
1237.41 -801.987
1237.61 -1280.9
1237.81 -974.056
1238.01 -1293.28
1238.21 -1042.98
1238.41 -1043.65
1238.61 -1162.82
1238.81 -1092.92
1239.01 -804.295
1239.21 -674.731
1239.4 -674.662
1239.6 -506.206
1239.8 -395.951
1240 -244.475
1240.2 -193.106
1240.4 -171.439
1240.6 -79.1234
1240.8 -97.3812
1241 -40.4076
1241.2 -20.6174
1241.4 -26.0455
1241.6 -30.2967
1241.79 -21.4325
1241.99 -13.218
1242.19 -9.33713
1242.39 -1.73053
1242.59 -17.0137
1242.79 -16.9692
1242.99 -13.2006
1276.05 -20.7298
1276.25 -9.45336
1276.45 -13.2139
1276.65 -13.2165
1276.85 -5.66152
1277.05 -24.6297
1277.25 -9.4026
1277.45 -5.46748
1277.65 -17.1996
1277.84 -5.02099
1278.04 -0.338844
1278.24 -39.2428
1278.44 -21.3873
1278.64 -55.337
1278.84 -25.0012
1279.04 -67.7769
1279.24 -91.3855
1279.44 -67.4513
1279.64 -91.6941
1279.84 -143.94
1280.04 -226.675
1280.23 -193.002
1280.43 -178.782
1280.63 -229.691
1280.83 -215.109
1281.03 -288.872
1281.23 -156.37
1281.43 -178.673
1281.63 -186.005
1281.83 -150.823
1282.03 -89.9292
1282.23 -123.947
1282.43 -91.9751
1282.62 -44.0483
1282.82 -90.6002
1283.02 -45.8795
1283.22 -15.4831
1283.42 -2.25526
1283.62 -12.544
1283.82 -25.7913
1284.02 -21.3599
1284.22 -25.1157
1284.42 -13.241
1284.62 1.93708
1284.82 -20.6914
1285.01 -16.9
1285.21 8.97796
1285.41 1.55143
1285.61 -24.1746
1285.81 -31.4859
1327.64 -16.8939
1327.84 -16.9006
1328.04 -13.1907
1328.23 -13.1932
1328.43 -13.1959
1328.63 -16.9298
1328.83 -16.9386
1329.03 1.76867
1329.23 -16.9604
1329.43 9.35246
1329.63 -9.44563
1329.83 -24.5862
1330.03 -5.61929
1330.23 2.07169
1330.43 -9.38786
1330.63 -17.1238
1330.82 -17.1556
1331.02 -17.1856
1331.22 -17.2121
1331.42 -17.2336
1331.62 -29.412
1331.82 -0.923524
1332.02 -4.93991
1332.22 -0.76252
1332.42 -21.407
1332.62 -29.6877
1332.82 -17.2698
1333.02 -0.786154
1333.21 -13.1632
1333.41 -41.7224
1333.61 -25.3488
1333.81 -29.3008
1334.01 -5.23585
1334.21 -13.2325
1334.41 -13.2378
1334.61 -9.31622
1334.81 -1.51651
1335.01 -9.34638
1335.21 -13.2427
1335.41 -9.36068
1335.6 2.27256
1335.8 -17.12
1336 -17.1204
1336.2 -17.122
1336.4 -17.1244
1336.6 -21.0119
1336.8 -9.35492
1337 -1.56918
1337.2 -32.7163
1337.4 -13.2427
1372.85 -13.2268
1373.05 -13.2257
1373.25 -9.22132
1373.45 -29.3043
1373.65 -13.1892
1373.85 -4.87251
1374.05 -21.4961
1374.24 -34.7195
1374.44 -21.4544
1374.64 -35.6037
1374.84 -40.68
1375.04 -78.8996
1375.24 -133.243
1375.44 -129.917
1375.64 -90.0653
1375.84 -171.727
1376.04 -154.864
1376.24 -283.349
1376.44 -379.446
1376.63 -429.429
1376.83 -402.7
1377.03 -549.897
1377.23 -504.83
1377.43 -521.83
1377.63 -738.447
1377.83 -584.804
1378.03 -782.351
1378.23 -558.667
1378.43 -514.944
1378.63 -412.32
1378.83 -437.241
1379.02 -402.371
1379.22 -283.11
1379.42 -214.986
1379.62 -164.654
1379.82 -136.789
1380.02 -91.8989
1380.22 -39.827
1380.42 -35.4333
1380.62 -25.8798
1380.82 -21.4963
1381.02 -34.3981
1381.22 -0.87992
1381.41 -17.195
1381.61 -9.36306
1381.81 -17.0852
1382.01 -13.2405
1382.21 -1.52606
1382.41 -1.24298
1382.61 -4.90928
1382.81 -34.3636
1383.01 -17.0632
1383.21 -26.0337
1383.41 -15.944
1383.61 -40.6856
1383.8 -56.6359
1384 -56.7004
1384.2 -56.3972
1384.4 -49.8158
1384.6 -128.906
1384.8 -66.9068
1385 -123.574
1385.2 -66.2493
1385.4 -110.925
1385.6 -60.1431
1385.8 -135.824
1386 -85.8503
1386.19 -49.8326
1386.39 -73.8641
1386.59 -101.556
1386.79 -78.1001
1386.99 -61.1877
1387.19 -35.6079
1387.39 -26.0514
1387.59 -21.549
1387.79 -29.7205
1387.99 -40.9116
1388.19 -9.43612
1388.39 -13.1477
1388.58 1.14989
1388.78 -12.9535
1388.98 -6.04571
1389.18 -2.69406
1389.38 -9.41558
1389.58 -6.08218
1389.78 -2.78722
1389.98 -12.6579
1390.18 3.72513
1396.55 -13.1472
1396.75 -5.84157
1396.95 -2.18692
1397.15 1.48168
1397.35 -13.1588
1397.55 -27.9265
1397.75 -20.6365
1397.95 -16.9923
1398.15 -9.38902
1398.34 -9.27507
1398.54 -17.2653
1398.74 -12.9466
1398.94 -17.0064
1399.14 -16.4509
1399.34 -25.5293
1399.54 -40.5438
1399.74 -101.744
1399.94 -67.9678
1400.14 -104.377
1400.34 -85.2255
1400.54 -77.4553
1400.73 -219.113
1400.93 -122.982
1401.13 -185.92
1401.33 -164.625
1401.53 -207.43
1401.73 -214.452
1401.93 -192.935
1402.13 -178.621
1402.33 -116.917
1402.53 -123.975
1402.73 -59.8854
1402.93 -79.7335
1403.12 -91.4424
1403.32 -62.2843
1403.52 -30.0912
1403.72 -35.6374
1403.92 -40.1747
1404.12 -8.02382
1404.32 -17.1997
1404.52 -25.7862
1404.72 -34.3897
1404.92 -61.1683
1405.12 -35.2609
1405.32 -25.8535
1405.51 -19.8329
1405.71 -56.7206
1405.91 -73.8753
1406.11 -66.6685
1406.31 -143.933
1406.51 -178.757
1406.71 -200.454
1406.91 -267.66
1407.11 -252.309
1407.31 -259.202
1407.51 -282.241
1407.71 -248.744
1407.9 -420.594
1408.1 -420.571
1408.3 -452.894
1408.5 -306.59
1408.7 -386.122
1408.9 -236.968
1409.1 -267.477
1409.3 -251.088
1409.5 -178.595
1409.7 -110.792
1409.9 -98.2222
1410.1 -50.4922
1410.29 -56.6937
1410.49 -30.5251
1410.69 -35.4514
1410.89 -21.5499
1411.09 -9.05871
1411.29 -9.37142
1411.49 -5.79418
1411.69 1.16795
1411.89 0.904828
1412.09 -2.65696
1412.29 -22.8393
1412.49 -16.0556
1412.68 -9.39099
1412.88 -2.79406
1455.91 -5.58355
1456.11 -17.0669
1456.3 -17.0735
1456.5 -9.39579
1456.7 -32.4957
1456.9 -17.1034
1457.1 -13.2424
1457.3 -9.345
1457.5 -13.2407
1457.7 -21.1608
1457.9 -1.17553
1458.1 -21.336
1458.3 -8.95516
1458.5 -21.5068
1458.69 -12.8164
1458.89 -17.0386
1459.09 -26.0508
1459.29 -21.2267
1459.49 -20.927
1459.69 -30.5989
1459.89 -25.2486
1460.09 -40.6426
1460.29 -35.227
1460.49 -62.0112
1460.69 -72.9173
1460.89 -34.9656
1461.08 -72.8614
1461.28 -35.1512
1461.48 -56.4735
1461.68 -82.272
1461.88 -10.1301
1462.08 -50.5533
1462.28 -54.9655
1462.48 -11.8827
1462.68 -30.6366
1462.88 -17.0714
1463.08 -25.9072
1463.28 -17.2469
1463.47 -29.8449
1463.67 -4.87342
1463.87 -0.913775
1464.07 -29.4115
1464.27 -5.14469
1464.47 2.85339
1464.67 -37.2691
1464.87 -21.2284
1465.07 -1.21314
1465.27 -17.2237
1465.47 -9.2153
1465.67 -29.2477
1504.31 -5.9169
1504.51 -13.1028
1504.7 -9.49852
1504.9 -9.4933
1505.1 -9.48147
1505.3 -5.70067
1505.5 -13.2374
1505.7 -13.2374
1505.9 -17.2628
1506.1 -17.2399
1506.3 -7.97935
1506.5 -40.3181
1506.7 -35.5979
1506.9 -67.4634
1507.09 -50.8228
1507.29 -104.091
1507.49 -149.311
1507.69 -237.781
1507.89 -157.791
1508.09 -113.772
1508.29 -244.809
1508.49 -222.181
1508.69 -275.635
1508.89 -314.687
1509.09 -188.764
1509.29 -322.692
1509.48 -275.5
1509.68 -298.934
1509.88 -290.835
1510.08 -252.435
1510.28 -149.39
1510.48 -200.047
1510.68 -55.6384
1510.88 -71.8069
1511.08 -160.333
1511.28 -97.4816
1511.48 -56.7163
1511.68 -61.7481
1511.87 -50.6565
1512.07 -21.2236
1512.27 -35.1651
1512.47 -17.1529
1512.67 -38.6199
1512.87 -29.8359
1513.07 -0.74455
1513.27 -21.3586
1513.47 -21.3328
1513.67 3.0771
1513.87 -9.12519
1514.07 -9.12142
1533.58 -0.0715982
1533.78 -14.9924
1533.98 -9.03713
1534.18 -3.02895
1534.38 -3.01906
1534.58 3.10911
1534.78 -2.98548
1534.98 0.172935
1535.18 -6.09274
1535.38 -2.83969
1535.58 -2.73091
1535.78 -23.3015
1535.97 -13.0924
1536.17 -9.4592
1536.37 -17.1648
1536.57 -9.04153
1536.77 -17.2252
1536.97 -3.50544
1537.17 -2.56632
1537.37 -1.52617
1537.57 -10.5003
1537.77 -71.6404
1537.97 -40.6274
1538.17 -45.8789
1538.37 -40.4617
1538.56 -99.8613
1538.76 -51.2377
1538.96 -29.8787
1539.16 -45.8919
1539.36 -45.8378
1539.56 -30.6063
1539.76 -40.4919
1539.96 -30.74
1540.16 -30.6191
1540.36 -48.1002
1540.56 -25.8311
1540.76 -29.8848
1540.95 -29.7196
1541.15 -33.8091
1541.35 -29.7533
1541.55 -25.7071
1541.75 -34.4643
1541.95 -43.6222
1542.15 1.11863
1542.35 1.75763
1542.55 -40.2097
1542.75 -64.4663
1542.95 -16.0973
1543.15 -25.7926
1543.34 -35.6338
1543.54 -6.09375
1543.74 -20.9558
1543.94 -35.5787
1544.14 -30.7472
1544.34 -35.3435
1544.54 -16.9694
1544.74 -34.7869
1544.94 -12.9525
1545.14 -38.0711
1545.34 -9.16262
1545.54 -9.30849
1545.73 -1.72876
1545.93 -16.9679
1546.13 -2.09747
1546.33 5.08083
1546.53 -20.3269
1546.73 -2.33096
1546.93 -16.6413
1547.13 1.18631
1547.33 -2.38164
1547.53 -9.50028
1547.73 -13.0634
1547.93 -13.0682
1548.12 -16.647
1548.32 -2.34271
1578.4 -12.3741
1578.6 -6.08762
1578.8 -15.5351
1579 -12.4032
1579.2 -6.09147
1579.4 -2.90098
1579.59 -2.86812
1579.79 -2.81512
1579.99 -2.73076
1580.19 -16.3396
1580.39 -9.49969
1580.59 1.60801
1580.79 -1.64486
1580.99 -9.13855
1581.19 -4.4656
1581.39 -17.0603
1581.59 -2.58986
1581.79 -25.8305
1581.98 -66.1226
1582.18 -30.111
1582.38 -78.2832
1582.58 -23.5545
1582.78 -84.7831
1582.98 -28.3014
1583.18 -96.4795
1583.38 -50.9719
1583.58 -62.3237
1583.78 -45.6264
1583.98 -94.7156
1584.18 -72.3492
1584.37 -50.9326
1584.57 -20.8395
1584.77 -11.8425
1584.97 -17.0129
1585.17 -21.5254
1585.37 -21.3325
1585.57 -9.36764
1585.77 -20.5624
1585.97 -13.0336
1586.17 -9.45455
1586.37 -9.38584
1586.57 -15.7511
1586.76 -2.93114
1586.96 -6.08123
1587.16 0.0974168
1587.36 0.0626482
1587.56 0.0394255
1587.76 -6.05535
1587.96 -3.01975
1588.16 -9.07742
1589.75 -9.0826
1589.95 -3.02196
1590.15 -6.04973
1590.35 -6.04955
1590.55 -15.1344
1590.75 -15.1501
1590.95 0.0267223
1591.15 -9.1186
1591.35 3.16768
1591.55 -15.4199
1591.74 0.229539
1591.94 -2.87258
1592.14 -9.38656
1592.34 7.53389
1592.54 -5.98347
1592.74 -2.22451
1592.94 5.64662
1593.14 -13.2418
1593.34 -13.1937
1593.54 -4.68988
1593.74 -21.537
1593.94 -3.84041
1594.13 -26.0321
1594.33 -30.6329
1594.53 -30.6747
1594.73 -26.0488
1594.93 -35.3061
1595.13 -35.2326
1595.33 -62.2735
1595.53 -34.8852
1595.73 -34.5892
1595.93 3.93113
1596.13 -4.8959
1596.33 -9.19933
1596.52 -1.47345
1596.72 -17.094
1596.92 -28.503
1597.12 -9.41505
1597.32 -9.38369
1597.52 -9.3111
1597.72 -17.2374
1597.92 -8.98497
1598.12 -21.513
1598.32 -34.7026
1598.52 -39.5016
1598.72 -12.2924
1598.91 -40.0168
1599.11 -35.4345
1599.31 -30.7394
1599.51 -26.0213
1599.71 -26.0384
1599.91 -16.8252
1600.11 -16.9891
1600.31 -12.7304
1600.51 -25.7955
1600.71 -21.3967
1600.91 -5.29515
1601.11 -13.2297
1601.3 -5.85309
1601.5 -9.48755
1601.7 -2.72916
1601.9 -2.87606
1602.1 -2.96975
1602.3 -18.1305
1602.5 -6.00781
1602.7 2.71466
1602.9 -3.08371
1603.1 -5.91081
1603.3 -0.288783
1603.5 -5.87478
1603.69 -14.1808
1603.89 2.43683
1604.09 -5.84648
1604.29 2.41101
1656.28 -0.533948
1656.48 -5.46293
1656.68 -5.46083
1656.87 1.93169
1657.07 -5.48807
1657.27 -0.516667
1657.47 -3.04215
1657.67 4.78213
1657.87 -5.80009
1658.07 -3.08503
1658.27 -3.02915
1658.47 0.350739
1658.67 -2.55221
1658.87 -16.9312
1659.07 -13.2146
1659.26 -12.9145
1659.46 -35.2508
1659.66 -25.8571
1659.86 -61.2373
1660.06 -51.2342
1660.26 -23.2571
1660.46 -56.5505
1660.66 -115.091
1660.86 -55.8873
1661.06 -85.8604
1661.26 -116.207
1661.46 -85.8618
1661.66 -127.764
1661.85 -14.9389
1662.05 -39.2522
1662.25 -45.5395
1662.45 -61.9998
1662.65 -25.2591
1662.85 -30.7355
1663.05 -53.5736
1663.25 -21.5216
1663.45 -9.26701
1663.65 -2.19175
1663.85 -19.4602
1664.05 -18.3139
1664.24 -5.89619
1664.44 2.11691
1664.64 -2.963
1664.84 3.93085
1665.04 -0.589882
1665.24 3.55001
1665.44 -0.564101
1665.64 -4.46292
1665.84 3.30665
1666.04 1.36864
1666.24 -0.517114
1679.18 1.23564
1679.38 1.23579
1679.58 -0.281408
1679.78 1.23714
1679.98 2.77445
1680.18 1.24187
1680.38 4.41075
1680.58 1.25636
1680.78 2.95058
1680.97 -3.96102
1681.17 -2.35562
1681.37 -6.45775
1681.57 -0.585794
1681.77 1.67905
1681.97 1.89521
1682.17 -8.31459
1682.37 -3.08911
1682.57 -0.0535965
1682.77 0.227389
1682.97 -22.6477
1683.17 -6.02703
1683.37 -13.0559
1683.56 -9.4966
1683.76 -5.79245
1683.96 9.09186
1684.16 1.63569
1684.36 -27.8169
1684.56 -20.2876
1684.76 -19.9825
1684.96 -12.8103
1685.16 -6.09431
1685.36 -3.00346
1685.56 -5.95914
1685.76 7.68833
1685.95 6.9946
1686.15 1.73971
1686.35 -0.589796
1686.55 3.42042
1686.75 -2.36266
1686.95 1.29386
1687.15 2.91095
1687.35 -0.329875
1687.55 1.23676
1687.75 -1.73121
1687.95 -1.67642
1688.15 1.22851
1688.34 -0.19088
1688.54 2.6366
1688.74 2.62939
1688.94 1.22746
1724.79 3.66007
1724.99 -0.588608
1725.19 1.57225
1725.39 -0.591145
1725.59 -2.905
1725.79 1.95274
1725.99 -11.1755
1726.19 -3.04741
1726.39 -9.39734
1726.59 -16.8816
1726.79 -17.268
1726.98 -30.6014
1727.18 -45.6239
1727.38 -51.2414
1727.58 -97.1974
1727.78 -42.2926
1727.98 -169.92
1728.18 -95.8694
1728.38 -150.227
1728.58 -244.686
1728.78 -222.23
1728.98 -267.89
1729.18 -299.046
1729.37 -275.221
1729.57 -338.701
1729.77 -338.645
1729.97 -291.176
1730.17 -275.63
1730.37 -283.058
1730.57 -229.935
1730.77 -150.072
1730.97 -143.982
1731.17 -64.6413
1731.37 -123.166
1731.57 -73.8772
1731.76 -110.74
1731.96 -30.6894
1732.16 -25.9989
1732.36 -21.1366
1732.56 -9.46726
1732.76 -8.89852
1732.96 -0.555475
1733.16 1.39749
1733.36 1.2362
1733.56 3.55124
1733.76 2.20377
1733.96 2.68523
1734.15 2.04042
1734.35 1.55662
1734.55 2.00237
1759.65 0.528816
1759.85 0.713297
1760.05 -9.49453
1760.25 -13.1898
1760.45 -17.2174
1760.64 -17.1935
1760.84 -45.1171
1761.04 -72.3053
1761.24 -27.3383
1761.44 -149.118
1761.64 -143.965
1761.84 -215.04
1762.04 -442.511
1762.24 -531.003
1762.44 -629.844
1762.64 -664.511
1762.84 -976.384
1763.03 -1293.69
1763.23 -1478.36
1763.43 -1761.76
1763.63 -2052.18
1763.83 -1974.82
1764.03 -2493.79
1764.23 -2158.56
1764.43 -2168.7
1764.63 -2471.89
1764.83 -2282.09
1765.03 -2338.17
1765.23 -2106.93
1765.42 -1847.14
1765.62 -1824.17
1765.82 -1549.56
1766.02 -1143.3
1766.22 -1033.45
1766.42 -675.129
1766.62 -436.278
1766.82 -429.057
1767.02 -291.125
1767.22 -200.402
1767.42 -163.721
1767.62 -140.149
1767.81 -62.1027
1768.01 -35.5842
1768.21 -17.2495
1768.41 -24.3978
1768.61 -2.82451
1768.81 -3.07898
1769.01 2.09108
1769.21 4.10303
1769.41 -0.591152
1833.54 -1.52773
1833.74 1.22742
1833.94 -0.161892
1834.14 4.03054
1834.34 -1.6129
1834.54 4.12677
1834.74 2.72204
1834.94 -0.304976
1835.13 2.87623
1835.33 1.28514
1835.53 -0.499466
1835.73 3.39933
1835.93 1.55165
1836.13 -7.54194
1836.33 -0.513411
1836.53 -0.378078
1836.73 -0.16964
1836.93 -12.2559
1837.13 3.70344
1837.33 -19.7261
1837.53 -5.94479
1837.72 -9.49134
1837.92 -9.46114
1838.12 -20.8189
1838.32 2.03469
1838.52 -24.6513
1838.72 -1.91667
1838.92 -9.48185
1839.12 -9.50085
1839.32 -12.9536
1839.52 3.88468
1839.72 -6.08896
1839.92 -6.0189
1840.11 -3.09035
1840.31 -0.478002
1840.51 -12.4553
1840.71 -4.97161
1840.91 -2.58483
1841.11 5.07652
1841.31 1.29052
1841.51 2.87987
1841.71 -0.298983
1841.91 -0.243442
1842.11 -0.202732
1842.31 -0.178116
1842.5 1.22748
1842.7 2.63723
1842.9 1.22906
1843.1 -1.77585
1843.3 1.25161
1843.5 1.2949
1843.7 -4.40876
1843.9 3.76504
1844.1 -0.530757
1844.3 5.36893
1844.5 -6.09382
1844.7 1.29459
1844.89 -13.2185
1845.09 -8.3026
1845.29 -21.1329
1845.49 -61.4167
1845.69 -45.6569
1845.89 -62.1811
1846.09 -85.8592
1846.29 -47.1048
1846.49 -77.8313
1846.69 -184.639
1846.89 -206.056
1847.09 -192.709
1847.28 -206.966
1847.48 -235.191
1847.68 -164.766
1847.88 -130.047
1848.08 -137.241
1848.28 -117.257
1848.48 -123.893
1848.68 -123.228
1848.88 -37.9592
1849.08 -68.0071
1849.28 -56.5651
1849.48 -50.5764
1849.67 1.50437
1849.87 -38.2137
1850.07 -9.44302
1850.27 0.670445
1850.47 2.90035
1850.67 -5.67308
1850.87 -0.585971
1851.07 -6.58993
1851.27 1.31273
1851.47 2.86949
1851.67 1.23288
1851.87 1.22754
1852.06 -0.114948
1852.26 2.53527
1868.2 2.17484
1868.4 1.81832
1868.6 2.23109
1868.79 2.01661
1868.99 1.72812
1869.19 2.3814
1869.39 1.62787
1869.59 1.56125
1869.79 2.10814
1869.99 2.16649
1870.19 -0.542036
1870.39 1.25947
1870.59 3.92028
1870.79 -3.49961
1870.99 3.16291
1871.18 3.57923
1871.38 -0.578655
1871.58 -0.48422
1871.78 -5.87468
1871.98 -11.995
1872.18 0.22548
1872.38 -15.9959
1872.58 -2.62351
1872.78 1.0164
1872.98 -5.94661
1873.18 -9.50084
1873.38 1.16066
1873.57 -9.49168
1873.77 -6.04116
1873.97 -9.3931
1874.17 -18.7623
1874.37 -3.03622
1874.57 -0.276901
1874.77 4.75371
1874.97 -2.95129
1875.17 -9.24951
1875.37 -0.545435
1875.57 -0.441384
1875.77 -4.91018
1875.96 2.59235
1876.16 1.24114
1876.36 3.46563
1876.56 3.31022
1876.76 2.26025
1876.96 1.33925
1877.16 0.488383
1877.36 0.513175
1877.56 3.04361
1877.76 2.20337
1877.96 2.2053
1878.16 2.20881
2113.57 3.83939
2113.76 1.23169
2113.96 2.52514
2114.16 -0.0805574
2114.36 -0.123262
2114.56 2.65007
2114.76 4.29749
2114.96 -0.407104
2115.16 -6.1401
2115.36 -0.586225
2115.56 -2.94979
2115.76 -0.395271
2115.96 -3.0325
2116.15 -6.07686
2116.35 -13.1534
2116.55 -13.2301
2116.75 -25.7916
2116.95 -80.6265
2117.15 -11.5666
2117.35 -30.6162
2117.55 -51.0754
2117.75 -35.1633
2117.95 -73.1204
2118.15 -56.7225
2118.35 -45.5088
2118.54 -79.1449
2118.74 -23.2281
2118.94 -45.6871
2119.14 -7.93286
2119.34 -35.3457
2119.54 -30.4902
2119.74 -55.1559
2119.94 -44.5957
2120.14 -4.13162
2120.34 -17.2421
2120.54 -5.79468
2120.74 -22.6429
2120.93 -3.0716
2121.13 1.95346
2121.33 -8.72265
2121.53 -0.334612
2121.73 3.50472
2121.93 2.79056
2122.13 2.23619
2122.33 1.81082
2122.53 2.67326
2122.73 2.19644
2122.93 1.04939
2123.13 0.900706
2123.32 2.66143
2199.2 1.24307
2199.4 1.26411
2199.6 3.10824
2199.8 1.43256
2200 -2.85091
2200.2 -3.05986
2200.4 2.92601
2200.6 -6.0434
2200.79 -24.8759
2200.99 -30.2475
2201.19 -30.7516
2201.39 -67.0371
2201.59 -96.6912
2201.79 -110.45
2201.99 -104.334
2202.19 -199.214
2202.39 -279.964
2202.59 -252.508
2202.79 -158.922
2202.98 -282.801
2203.18 -330.399
2203.38 -404.334
2203.58 -378.776
2203.78 -471.807
2203.98 -394.945
2204.18 -437.681
2204.38 -463.285
2204.58 -370.524
2204.78 -470.696
2204.98 -330.59
2205.18 -346.627
2205.37 -291.048
2205.57 -192.742
2205.77 -200.275
2205.97 -205.198
2206.17 -66.0509
2206.37 -13.8457
2206.57 -78.9249
2206.77 -76.172
2206.97 -35.1695
2207.17 -33.3397
2207.37 -16.4199
2207.57 -0.17722
2207.76 -0.580316
2207.96 1.29581
2208.16 1.24639
2208.36 2.78515
2208.56 1.82806
2208.76 2.01478
2208.96 1.46759
2288.42 2.71608
2288.62 2.70013
2288.82 0.771436
2289.02 0.792768
2289.21 2.59808
2289.41 0.867111
2289.61 2.46447
2289.81 1.009
2290.01 1.11717
2290.21 3.11384
2290.41 2.09894
2290.61 2.03367
2290.81 1.92122
2291.01 2.01284
2291.21 1.55235
2291.4 2.18959
2291.6 0.184039
2291.8 -0.11182
2292 2.81542
2292.2 3.08178
2292.4 -0.547257
2292.6 5.69578
2292.8 1.61425
2293 -0.585657
2293.2 -5.2442
2293.4 -12.3109
2293.6 1.74926
2293.79 -5.13731
2293.99 3.78734
2294.19 5.63457
2294.39 1.38475
2294.59 -9.16149
2294.79 2.77353
2294.99 2.53174
2295.19 2.32638
2295.39 1.40102
2295.59 2.53639
2295.79 2.1828
2295.98 2.00396
2296.18 2.04184
2296.38 2.81668
2296.58 1.23404
2296.78 1.09923
2296.98 2.39079
2297.18 2.47602
2297.38 2.54792
2297.58 0.818593
2297.78 0.789355
2297.98 0.769145
2298.18 0.755463
2298.37 0.746387
2442.75 2.44911
2442.94 2.36417
2443.14 1.14326
2443.34 2.98687
2443.54 1.5647
2443.74 2.2855
2443.94 2.03121
2444.14 2.9963
2444.34 1.23219
2444.54 -4.00197
2444.74 1.653
2444.94 -21.9986
2445.13 0.193209
2445.33 -16.606
2445.53 -13.2389
2445.73 -12.94
2445.93 -30.6689
2446.13 -40.5353
2446.33 -71.6815
2446.53 -51.2389
2446.73 -39.9823
2446.93 -33.646
2447.13 -68.0302
2447.33 -85.7502
2447.52 -67.8594
2447.72 -139.812
2447.92 -85.8047
2448.12 -56.1261
2448.32 -79.6978
2448.52 -50.9252
2448.72 -51.1853
2448.92 -35.1992
2449.12 -20.2513
2449.32 -25.9035
2449.52 -3.3162
2449.71 -34.1229
2449.91 -1.68239
2450.11 -2.55684
2450.31 -3.01408
2450.51 -5.66151
2450.71 -11.2796
2450.91 1.26742
2451.11 2.42931
2451.31 2.84567
2451.51 2.26159
2451.71 1.825
2451.9 1.50528
2452.1 1.27585
2452.3 1.11449
2452.5 1.00322
2609.6 0.409699
2609.8 0.417244
2610 0.428107
2610.2 0.443451
2610.4 0.464714
2610.6 0.493607
2610.8 3.18023
2611 0.582388
2611.2 2.90464
2611.39 2.75019
2611.59 0.826495
2611.79 0.945509
2611.99 3.53031
2612.19 1.24595
2612.39 1.42599
2612.59 2.04079
2612.79 2.00746
2612.99 2.00058
2613.19 1.76716
2613.39 1.62327
2613.58 1.51595
2613.78 1.4395
2613.98 2.97076
2614.18 2.21221
2614.38 2.23113
2614.58 2.23371
2614.78 1.35019
2614.98 3.0048
2615.18 2.15075
2615.38 1.48954
2615.58 2.53515
2615.77 2.02463
2615.97 2.00322
2616.17 2.21075
2616.37 1.68657
2616.57 2.675
2616.77 1.30015
2616.97 1.13348
2617.17 2.3992
2617.37 4.2289
2617.57 2.70034
2617.77 0.670649
2617.96 0.601424
2618.16 0.546962
2618.36 0.504975
2618.56 0.473243
2618.76 0.449729
2618.96 0.43264
2619.16 3.53958
2619.36 0.411933
